     # position        density    temperature             vx             vy             vz
   0.50000E-001   0.00000E+000   0.00000E+000   0.00000E+000   0.00000E+000   0.00000E+000
   0.15000E+000   0.00000E+000   0.00000E+000   0.00000E+000   0.00000E+000   0.00000E+000
   0.25000E+000   0.00000E+000   0.00000E+000   0.00000E+000   0.00000E+000   0.00000E+000
   0.35000E+000   0.00000E+000   0.00000E+000   0.00000E+000   0.00000E+000   0.00000E+000
   0.45000E+000   0.00000E+000   0.00000E+000   0.00000E+000   0.00000E+000   0.00000E+000
   0.55000E+000   0.00000E+000   0.00000E+000   0.00000E+000   0.00000E+000   0.00000E+000
   0.65000E+000   0.00000E+000   0.00000E+000   0.00000E+000   0.00000E+000   0.00000E+000
   0.75000E+000   0.00000E+000   0.00000E+000   0.00000E+000   0.00000E+000   0.00000E+000
   0.85000E+000   0.00000E+000   0.00000E+000   0.00000E+000   0.00000E+000   0.00000E+000
   0.95000E+000   0.00000E+000   0.00000E+000   0.00000E+000   0.00000E+000   0.00000E+000
   0.10500E+001   0.00000E+000   0.00000E+000   0.00000E+000   0.00000E+000   0.00000E+000
   0.11500E+001   0.00000E+000   0.00000E+000   0.00000E+000   0.00000E+000   0.00000E+000
   0.12500E+001   0.00000E+000   0.00000E+000   0.00000E+000   0.00000E+000   0.00000E+000
   0.13500E+001   0.00000E+000   0.00000E+000   0.00000E+000   0.00000E+000   0.00000E+000
   0.14500E+001   0.00000E+000   0.00000E+000   0.00000E+000   0.00000E+000   0.00000E+000
   0.15500E+001   0.00000E+000   0.00000E+000   0.00000E+000   0.00000E+000   0.00000E+000
   0.16500E+001   0.00000E+000   0.00000E+000   0.00000E+000   0.00000E+000   0.00000E+000
   0.17500E+001   0.00000E+000   0.00000E+000   0.00000E+000   0.00000E+000   0.00000E+000
   0.18500E+001   0.00000E+000   0.00000E+000   0.00000E+000   0.00000E+000   0.00000E+000
   0.19500E+001   0.00000E+000   0.00000E+000   0.00000E+000   0.00000E+000   0.00000E+000
   0.20500E+001   0.00000E+000   0.00000E+000   0.00000E+000   0.00000E+000   0.00000E+000
   0.21500E+001   0.00000E+000   0.00000E+000   0.00000E+000   0.00000E+000   0.00000E+000
   0.22500E+001   0.00000E+000   0.00000E+000   0.00000E+000   0.00000E+000   0.00000E+000
   0.23500E+001   0.00000E+000   0.00000E+000   0.00000E+000   0.00000E+000   0.00000E+000
   0.24500E+001   0.00000E+000   0.00000E+000   0.00000E+000   0.00000E+000   0.00000E+000
   0.25500E+001   0.00000E+000   0.00000E+000   0.00000E+000   0.00000E+000   0.00000E+000
   0.26500E+001   0.00000E+000   0.00000E+000   0.00000E+000   0.00000E+000   0.00000E+000
   0.27500E+001   0.00000E+000   0.00000E+000   0.00000E+000   0.00000E+000   0.00000E+000
   0.28500E+001   0.00000E+000   0.00000E+000   0.00000E+000   0.00000E+000   0.00000E+000
   0.29500E+001   0.00000E+000   0.00000E+000   0.00000E+000   0.00000E+000   0.00000E+000
   0.30500E+001   0.00000E+000   0.00000E+000   0.00000E+000   0.00000E+000   0.00000E+000
   0.31500E+001   0.00000E+000   0.00000E+000   0.00000E+000   0.00000E+000   0.00000E+000
   0.32500E+001   0.00000E+000   0.00000E+000   0.00000E+000   0.00000E+000   0.00000E+000
   0.33500E+001   0.00000E+000   0.00000E+000   0.00000E+000   0.00000E+000   0.00000E+000
   0.34500E+001   0.00000E+000   0.00000E+000   0.00000E+000   0.00000E+000   0.00000E+000
   0.35500E+001   0.00000E+000   0.00000E+000   0.00000E+000   0.00000E+000   0.00000E+000
   0.36500E+001   0.00000E+000   0.00000E+000   0.00000E+000   0.00000E+000   0.00000E+000
   0.37500E+001   0.00000E+000   0.00000E+000   0.00000E+000   0.00000E+000   0.00000E+000
   0.38500E+001   0.00000E+000   0.00000E+000   0.00000E+000   0.00000E+000   0.00000E+000
   0.39500E+001   0.00000E+000   0.00000E+000   0.00000E+000   0.00000E+000   0.00000E+000
   0.40500E+001   0.00000E+000   0.00000E+000   0.00000E+000   0.00000E+000   0.00000E+000
   0.41500E+001   0.00000E+000   0.00000E+000   0.00000E+000   0.00000E+000   0.00000E+000
   0.42500E+001   0.00000E+000   0.00000E+000   0.00000E+000   0.00000E+000   0.00000E+000
   0.43500E+001   0.00000E+000   0.00000E+000   0.00000E+000   0.00000E+000   0.00000E+000
   0.44500E+001   0.00000E+000   0.00000E+000   0.00000E+000   0.00000E+000   0.00000E+000
   0.45500E+001   0.00000E+000   0.00000E+000   0.00000E+000   0.00000E+000   0.00000E+000
   0.46500E+001   0.00000E+000   0.00000E+000   0.00000E+000   0.00000E+000   0.00000E+000
   0.47500E+001   0.00000E+000   0.00000E+000   0.00000E+000   0.00000E+000   0.00000E+000
   0.48500E+001   0.00000E+000   0.00000E+000   0.00000E+000   0.00000E+000   0.00000E+000
   0.49500E+001   0.00000E+000   0.00000E+000   0.00000E+000   0.00000E+000   0.00000E+000
   0.50500E+001   0.00000E+000   0.00000E+000   0.00000E+000   0.00000E+000   0.00000E+000
   0.51500E+001   0.00000E+000   0.00000E+000   0.00000E+000   0.00000E+000   0.00000E+000
   0.52500E+001   0.00000E+000   0.00000E+000   0.00000E+000   0.00000E+000   0.00000E+000
   0.53500E+001   0.00000E+000   0.00000E+000   0.00000E+000   0.00000E+000   0.00000E+000
   0.54500E+001   0.00000E+000   0.00000E+000   0.00000E+000   0.00000E+000   0.00000E+000
   0.55500E+001   0.00000E+000   0.00000E+000   0.00000E+000   0.00000E+000   0.00000E+000
   0.56500E+001   0.00000E+000   0.00000E+000   0.00000E+000   0.00000E+000   0.00000E+000
   0.57500E+001   0.00000E+000   0.00000E+000   0.00000E+000   0.00000E+000   0.00000E+000
   0.58500E+001   0.00000E+000   0.00000E+000   0.00000E+000   0.00000E+000   0.00000E+000
   0.59500E+001   0.00000E+000   0.00000E+000   0.00000E+000   0.00000E+000   0.00000E+000
   0.60500E+001   0.00000E+000   0.00000E+000   0.00000E+000   0.00000E+000   0.00000E+000
   0.61500E+001   0.00000E+000   0.00000E+000   0.00000E+000   0.00000E+000   0.00000E+000
   0.62500E+001   0.00000E+000   0.00000E+000   0.00000E+000   0.00000E+000   0.00000E+000
   0.63500E+001   0.00000E+000   0.00000E+000   0.00000E+000   0.00000E+000   0.00000E+000
   0.64500E+001   0.00000E+000   0.00000E+000   0.00000E+000   0.00000E+000   0.00000E+000
   0.65500E+001   0.00000E+000   0.00000E+000   0.00000E+000   0.00000E+000   0.00000E+000
   0.66500E+001   0.00000E+000   0.00000E+000   0.00000E+000   0.00000E+000   0.00000E+000
   0.67500E+001   0.00000E+000   0.00000E+000   0.00000E+000   0.00000E+000   0.00000E+000
   0.68500E+001   0.00000E+000   0.00000E+000   0.00000E+000   0.00000E+000   0.00000E+000
   0.69500E+001   0.00000E+000   0.00000E+000   0.00000E+000   0.00000E+000   0.00000E+000
   0.70500E+001   0.00000E+000   0.00000E+000   0.00000E+000   0.00000E+000   0.00000E+000
   0.71500E+001   0.00000E+000   0.00000E+000   0.00000E+000   0.00000E+000   0.00000E+000
   0.72500E+001   0.00000E+000   0.00000E+000   0.00000E+000   0.00000E+000   0.00000E+000
   0.73500E+001   0.00000E+000   0.00000E+000   0.00000E+000   0.00000E+000   0.00000E+000
   0.74500E+001   0.00000E+000   0.00000E+000   0.00000E+000   0.00000E+000   0.00000E+000
   0.75500E+001   0.00000E+000   0.00000E+000   0.00000E+000   0.00000E+000   0.00000E+000
   0.76500E+001   0.00000E+000   0.00000E+000   0.00000E+000   0.00000E+000   0.00000E+000
   0.77500E+001   0.00000E+000   0.00000E+000   0.00000E+000   0.00000E+000   0.00000E+000
   0.78500E+001   0.00000E+000   0.00000E+000   0.00000E+000   0.00000E+000   0.00000E+000
   0.79500E+001   0.00000E+000   0.00000E+000   0.00000E+000   0.00000E+000   0.00000E+000
   0.80500E+001   0.00000E+000   0.00000E+000   0.00000E+000   0.00000E+000   0.00000E+000
   0.81500E+001   0.00000E+000   0.00000E+000   0.00000E+000   0.00000E+000   0.00000E+000
   0.82500E+001   0.00000E+000   0.00000E+000   0.00000E+000   0.00000E+000   0.00000E+000
   0.83500E+001   0.00000E+000   0.00000E+000   0.00000E+000   0.00000E+000   0.00000E+000
   0.84500E+001   0.00000E+000   0.00000E+000   0.00000E+000   0.00000E+000   0.00000E+000
   0.85500E+001   0.00000E+000   0.00000E+000   0.00000E+000   0.00000E+000   0.00000E+000
   0.86500E+001   0.00000E+000   0.00000E+000   0.00000E+000   0.00000E+000   0.00000E+000
   0.87500E+001   0.00000E+000   0.00000E+000   0.00000E+000   0.00000E+000   0.00000E+000
   0.88500E+001   0.00000E+000   0.00000E+000   0.00000E+000   0.00000E+000   0.00000E+000
   0.89500E+001   0.00000E+000   0.00000E+000   0.00000E+000   0.00000E+000   0.00000E+000
   0.90500E+001   0.00000E+000   0.00000E+000   0.00000E+000   0.00000E+000   0.00000E+000
   0.91500E+001   0.00000E+000   0.00000E+000   0.00000E+000   0.00000E+000   0.00000E+000
   0.92500E+001   0.00000E+000   0.00000E+000   0.00000E+000   0.00000E+000   0.00000E+000
   0.93500E+001   0.00000E+000   0.00000E+000   0.00000E+000   0.00000E+000   0.00000E+000
   0.94500E+001   0.00000E+000   0.00000E+000   0.00000E+000   0.00000E+000   0.00000E+000
   0.95500E+001   0.00000E+000   0.00000E+000   0.00000E+000   0.00000E+000   0.00000E+000
   0.96500E+001   0.00000E+000   0.00000E+000   0.00000E+000   0.00000E+000   0.00000E+000
   0.97500E+001   0.00000E+000   0.00000E+000   0.00000E+000   0.00000E+000   0.00000E+000
   0.98500E+001   0.00000E+000   0.00000E+000   0.00000E+000   0.00000E+000   0.00000E+000
   0.99500E+001   0.00000E+000   0.00000E+000   0.00000E+000   0.00000E+000   0.00000E+000
   0.10050E+002   0.00000E+000   0.00000E+000   0.00000E+000   0.00000E+000   0.00000E+000
   0.10150E+002   0.00000E+000   0.00000E+000   0.00000E+000   0.00000E+000   0.00000E+000
   0.10250E+002   0.00000E+000   0.00000E+000   0.00000E+000   0.00000E+000   0.00000E+000
   0.10350E+002   0.00000E+000   0.00000E+000   0.00000E+000   0.00000E+000   0.00000E+000
   0.10450E+002   0.00000E+000   0.00000E+000   0.00000E+000   0.00000E+000   0.00000E+000
   0.10550E+002   0.00000E+000   0.00000E+000   0.00000E+000   0.00000E+000   0.00000E+000
   0.10650E+002   0.00000E+000   0.00000E+000   0.00000E+000   0.00000E+000   0.00000E+000
   0.10750E+002   0.00000E+000   0.00000E+000   0.00000E+000   0.00000E+000   0.00000E+000
   0.10850E+002   0.00000E+000   0.00000E+000   0.00000E+000   0.00000E+000   0.00000E+000
   0.10950E+002   0.00000E+000   0.00000E+000   0.00000E+000   0.00000E+000   0.00000E+000
   0.11050E+002   0.00000E+000   0.00000E+000   0.00000E+000   0.00000E+000   0.00000E+000
   0.11150E+002   0.00000E+000   0.00000E+000   0.00000E+000   0.00000E+000   0.00000E+000
   0.11250E+002   0.00000E+000   0.00000E+000   0.00000E+000   0.00000E+000   0.00000E+000
   0.11350E+002   0.00000E+000   0.00000E+000   0.00000E+000   0.00000E+000   0.00000E+000
   0.11450E+002   0.00000E+000   0.00000E+000   0.00000E+000   0.00000E+000   0.00000E+000
   0.11550E+002   0.00000E+000   0.00000E+000   0.00000E+000   0.00000E+000   0.00000E+000
   0.11650E+002   0.00000E+000   0.00000E+000   0.00000E+000   0.00000E+000   0.00000E+000
   0.11750E+002   0.00000E+000   0.00000E+000   0.00000E+000   0.00000E+000   0.00000E+000
   0.11850E+002   0.00000E+000   0.00000E+000   0.00000E+000   0.00000E+000   0.00000E+000
   0.11950E+002   0.00000E+000   0.00000E+000   0.00000E+000   0.00000E+000   0.00000E+000
   0.12050E+002   0.00000E+000   0.00000E+000   0.00000E+000   0.00000E+000   0.00000E+000
   0.12150E+002   0.00000E+000   0.00000E+000   0.00000E+000   0.00000E+000   0.00000E+000
   0.12250E+002   0.00000E+000   0.00000E+000   0.00000E+000   0.00000E+000   0.00000E+000
   0.12350E+002   0.00000E+000   0.00000E+000   0.00000E+000   0.00000E+000   0.00000E+000
   0.12450E+002   0.00000E+000   0.00000E+000   0.00000E+000   0.00000E+000   0.00000E+000
   0.12550E+002   0.00000E+000   0.00000E+000   0.00000E+000   0.00000E+000   0.00000E+000
   0.12650E+002   0.00000E+000   0.00000E+000   0.00000E+000   0.00000E+000   0.00000E+000
   0.12750E+002   0.00000E+000   0.00000E+000   0.00000E+000   0.00000E+000   0.00000E+000
   0.12850E+002   0.00000E+000   0.00000E+000   0.00000E+000   0.00000E+000   0.00000E+000
   0.12950E+002   0.00000E+000   0.00000E+000   0.00000E+000   0.00000E+000   0.00000E+000
   0.13050E+002   0.00000E+000   0.00000E+000   0.00000E+000   0.00000E+000   0.00000E+000
   0.13150E+002   0.00000E+000   0.00000E+000   0.00000E+000   0.00000E+000   0.00000E+000
   0.13250E+002   0.00000E+000   0.00000E+000   0.00000E+000   0.00000E+000   0.00000E+000
   0.13350E+002   0.00000E+000   0.00000E+000   0.00000E+000   0.00000E+000   0.00000E+000
   0.13450E+002   0.00000E+000   0.00000E+000   0.00000E+000   0.00000E+000   0.00000E+000
   0.13550E+002   0.00000E+000   0.00000E+000   0.00000E+000   0.00000E+000   0.00000E+000
   0.13650E+002   0.00000E+000   0.00000E+000   0.00000E+000   0.00000E+000   0.00000E+000
   0.13750E+002   0.00000E+000   0.00000E+000   0.00000E+000   0.00000E+000   0.00000E+000
   0.13850E+002   0.00000E+000   0.00000E+000   0.00000E+000   0.00000E+000   0.00000E+000
   0.13950E+002   0.00000E+000   0.00000E+000   0.00000E+000   0.00000E+000   0.00000E+000
   0.14050E+002   0.00000E+000   0.00000E+000   0.00000E+000   0.00000E+000   0.00000E+000
   0.14150E+002   0.00000E+000   0.00000E+000   0.00000E+000   0.00000E+000   0.00000E+000
   0.14250E+002   0.00000E+000   0.00000E+000   0.00000E+000   0.00000E+000   0.00000E+000
   0.14350E+002   0.00000E+000   0.00000E+000   0.00000E+000   0.00000E+000   0.00000E+000
   0.14450E+002   0.00000E+000   0.00000E+000   0.00000E+000   0.00000E+000   0.00000E+000
   0.14550E+002   0.00000E+000   0.00000E+000   0.00000E+000   0.00000E+000   0.00000E+000
   0.14650E+002   0.00000E+000   0.00000E+000   0.00000E+000   0.00000E+000   0.00000E+000
   0.14750E+002   0.00000E+000   0.00000E+000   0.00000E+000   0.00000E+000   0.00000E+000
   0.14850E+002   0.00000E+000   0.00000E+000   0.00000E+000   0.00000E+000   0.00000E+000
   0.14950E+002   0.00000E+000   0.00000E+000   0.00000E+000   0.00000E+000   0.00000E+000
   0.15050E+002   0.00000E+000   0.00000E+000   0.00000E+000   0.00000E+000   0.00000E+000
   0.15150E+002   0.00000E+000   0.00000E+000   0.00000E+000   0.00000E+000   0.00000E+000
   0.15250E+002   0.00000E+000   0.00000E+000   0.00000E+000   0.00000E+000   0.00000E+000
   0.15350E+002   0.00000E+000   0.00000E+000   0.00000E+000   0.00000E+000   0.00000E+000
   0.15450E+002   0.00000E+000   0.00000E+000   0.00000E+000   0.00000E+000   0.00000E+000
   0.15550E+002   0.00000E+000   0.00000E+000   0.00000E+000   0.00000E+000   0.00000E+000
   0.15650E+002   0.00000E+000   0.00000E+000   0.00000E+000   0.00000E+000   0.00000E+000
   0.15750E+002   0.00000E+000   0.00000E+000   0.00000E+000   0.00000E+000   0.00000E+000
   0.15850E+002   0.00000E+000   0.00000E+000   0.00000E+000   0.00000E+000   0.00000E+000
   0.15950E+002   0.00000E+000   0.00000E+000   0.00000E+000   0.00000E+000   0.00000E+000
   0.16050E+002   0.00000E+000   0.00000E+000   0.00000E+000   0.00000E+000   0.00000E+000
   0.16150E+002   0.00000E+000   0.00000E+000   0.00000E+000   0.00000E+000   0.00000E+000
   0.16250E+002   0.00000E+000   0.00000E+000   0.00000E+000   0.00000E+000   0.00000E+000
   0.16350E+002   0.00000E+000   0.00000E+000   0.00000E+000   0.00000E+000   0.00000E+000
   0.16450E+002   0.00000E+000   0.00000E+000   0.00000E+000   0.00000E+000   0.00000E+000
   0.16550E+002   0.00000E+000   0.00000E+000   0.00000E+000   0.00000E+000   0.00000E+000
   0.16650E+002   0.00000E+000   0.00000E+000   0.00000E+000   0.00000E+000   0.00000E+000
   0.16750E+002   0.00000E+000   0.00000E+000   0.00000E+000   0.00000E+000   0.00000E+000
   0.16850E+002   0.00000E+000   0.00000E+000   0.00000E+000   0.00000E+000   0.00000E+000
   0.16950E+002   0.00000E+000   0.00000E+000   0.00000E+000   0.00000E+000   0.00000E+000
   0.17050E+002   0.00000E+000   0.00000E+000   0.00000E+000   0.00000E+000   0.00000E+000
   0.17150E+002   0.00000E+000   0.00000E+000   0.00000E+000   0.00000E+000   0.00000E+000
   0.17250E+002   0.00000E+000   0.00000E+000   0.00000E+000   0.00000E+000   0.00000E+000
   0.17350E+002   0.00000E+000   0.00000E+000   0.00000E+000   0.00000E+000   0.00000E+000
   0.17450E+002   0.00000E+000   0.00000E+000   0.00000E+000   0.00000E+000   0.00000E+000
   0.17550E+002   0.00000E+000   0.00000E+000   0.00000E+000   0.00000E+000   0.00000E+000
   0.17650E+002   0.00000E+000   0.00000E+000   0.00000E+000   0.00000E+000   0.00000E+000
   0.17750E+002   0.00000E+000   0.00000E+000   0.00000E+000   0.00000E+000   0.00000E+000
   0.17850E+002   0.00000E+000   0.00000E+000   0.00000E+000   0.00000E+000   0.00000E+000
   0.17950E+002   0.00000E+000   0.00000E+000   0.00000E+000   0.00000E+000   0.00000E+000
   0.18050E+002   0.00000E+000   0.00000E+000   0.00000E+000   0.00000E+000   0.00000E+000
   0.18150E+002   0.00000E+000   0.00000E+000   0.00000E+000   0.00000E+000   0.00000E+000
   0.18250E+002   0.00000E+000   0.00000E+000   0.00000E+000   0.00000E+000   0.00000E+000
   0.18350E+002   0.00000E+000   0.00000E+000   0.00000E+000   0.00000E+000   0.00000E+000
   0.18450E+002   0.00000E+000   0.00000E+000   0.00000E+000   0.00000E+000   0.00000E+000
   0.18550E+002   0.00000E+000   0.00000E+000   0.00000E+000   0.00000E+000   0.00000E+000
   0.18650E+002   0.00000E+000   0.00000E+000   0.00000E+000   0.00000E+000   0.00000E+000
   0.18750E+002   0.00000E+000   0.00000E+000   0.00000E+000   0.00000E+000   0.00000E+000
   0.18850E+002   0.00000E+000   0.00000E+000   0.00000E+000   0.00000E+000   0.00000E+000
   0.18950E+002   0.00000E+000   0.00000E+000   0.00000E+000   0.00000E+000   0.00000E+000
   0.19050E+002   0.00000E+000   0.00000E+000   0.00000E+000   0.00000E+000   0.00000E+000
   0.19150E+002   0.00000E+000   0.00000E+000   0.00000E+000   0.00000E+000   0.00000E+000
   0.19250E+002   0.00000E+000   0.00000E+000   0.00000E+000   0.00000E+000   0.00000E+000
   0.19350E+002   0.00000E+000   0.00000E+000   0.00000E+000   0.00000E+000   0.00000E+000
   0.19450E+002   0.00000E+000   0.00000E+000   0.00000E+000   0.00000E+000   0.00000E+000
   0.19550E+002   0.00000E+000   0.00000E+000   0.00000E+000   0.00000E+000   0.00000E+000
   0.19650E+002   0.00000E+000   0.00000E+000   0.00000E+000   0.00000E+000   0.00000E+000
   0.19750E+002   0.00000E+000   0.00000E+000   0.00000E+000   0.00000E+000   0.00000E+000
   0.19850E+002   0.00000E+000   0.00000E+000   0.00000E+000   0.00000E+000   0.00000E+000
   0.19950E+002   0.00000E+000   0.00000E+000   0.00000E+000   0.00000E+000   0.00000E+000
   0.20050E+002   0.00000E+000   0.00000E+000   0.00000E+000   0.00000E+000   0.00000E+000
   0.20150E+002   0.00000E+000   0.00000E+000   0.00000E+000   0.00000E+000   0.00000E+000
   0.20250E+002   0.00000E+000   0.00000E+000   0.00000E+000   0.00000E+000   0.00000E+000
   0.20350E+002   0.00000E+000   0.00000E+000   0.00000E+000   0.00000E+000   0.00000E+000
   0.20450E+002   0.00000E+000   0.00000E+000   0.00000E+000   0.00000E+000   0.00000E+000
   0.20550E+002   0.00000E+000   0.00000E+000   0.00000E+000   0.00000E+000   0.00000E+000
   0.20650E+002   0.00000E+000   0.00000E+000   0.00000E+000   0.00000E+000   0.00000E+000
   0.20750E+002   0.00000E+000   0.00000E+000   0.00000E+000   0.00000E+000   0.00000E+000
   0.20850E+002   0.00000E+000   0.00000E+000   0.00000E+000   0.00000E+000   0.00000E+000
   0.20950E+002   0.00000E+000   0.00000E+000   0.00000E+000   0.00000E+000   0.00000E+000
   0.21050E+002   0.00000E+000   0.00000E+000   0.00000E+000   0.00000E+000   0.00000E+000
   0.21150E+002   0.00000E+000   0.00000E+000   0.00000E+000   0.00000E+000   0.00000E+000
   0.21250E+002   0.00000E+000   0.00000E+000   0.00000E+000   0.00000E+000   0.00000E+000
   0.21350E+002   0.00000E+000   0.00000E+000   0.00000E+000   0.00000E+000   0.00000E+000
   0.21450E+002   0.00000E+000   0.00000E+000   0.00000E+000   0.00000E+000   0.00000E+000
   0.21550E+002   0.00000E+000   0.00000E+000   0.00000E+000   0.00000E+000   0.00000E+000
   0.21650E+002   0.00000E+000   0.00000E+000   0.00000E+000   0.00000E+000   0.00000E+000
   0.21750E+002   0.00000E+000   0.00000E+000   0.00000E+000   0.00000E+000   0.00000E+000
   0.21850E+002   0.00000E+000   0.00000E+000   0.00000E+000   0.00000E+000   0.00000E+000
   0.21950E+002   0.00000E+000   0.00000E+000   0.00000E+000   0.00000E+000   0.00000E+000
   0.22050E+002   0.00000E+000   0.00000E+000   0.00000E+000   0.00000E+000   0.00000E+000
   0.22150E+002   0.00000E+000   0.00000E+000   0.00000E+000   0.00000E+000   0.00000E+000
   0.22250E+002   0.00000E+000   0.00000E+000   0.00000E+000   0.00000E+000   0.00000E+000
   0.22350E+002   0.00000E+000   0.00000E+000   0.00000E+000   0.00000E+000   0.00000E+000
   0.22450E+002   0.00000E+000   0.00000E+000   0.00000E+000   0.00000E+000   0.00000E+000
   0.22550E+002   0.00000E+000   0.00000E+000   0.00000E+000   0.00000E+000   0.00000E+000
   0.22650E+002   0.00000E+000   0.00000E+000   0.00000E+000   0.00000E+000   0.00000E+000
   0.22750E+002   0.00000E+000   0.00000E+000   0.00000E+000   0.00000E+000   0.00000E+000
   0.22850E+002   0.00000E+000   0.00000E+000   0.00000E+000   0.00000E+000   0.00000E+000
   0.22950E+002   0.00000E+000   0.00000E+000   0.00000E+000   0.00000E+000   0.00000E+000
   0.23050E+002   0.00000E+000   0.00000E+000   0.00000E+000   0.00000E+000   0.00000E+000
   0.23150E+002   0.00000E+000   0.00000E+000   0.00000E+000   0.00000E+000   0.00000E+000
   0.23250E+002   0.00000E+000   0.00000E+000   0.00000E+000   0.00000E+000   0.00000E+000
   0.23350E+002   0.00000E+000   0.00000E+000   0.00000E+000   0.00000E+000   0.00000E+000
   0.23450E+002   0.00000E+000   0.00000E+000   0.00000E+000   0.00000E+000   0.00000E+000
   0.23550E+002   0.00000E+000   0.00000E+000   0.00000E+000   0.00000E+000   0.00000E+000
   0.23650E+002   0.00000E+000   0.00000E+000   0.00000E+000   0.00000E+000   0.00000E+000
   0.23750E+002   0.00000E+000   0.00000E+000   0.00000E+000   0.00000E+000   0.00000E+000
   0.23850E+002   0.00000E+000   0.00000E+000   0.00000E+000   0.00000E+000   0.00000E+000
   0.23950E+002   0.00000E+000   0.00000E+000   0.00000E+000   0.00000E+000   0.00000E+000
   0.24050E+002   0.00000E+000   0.00000E+000   0.00000E+000   0.00000E+000   0.00000E+000
   0.24150E+002   0.00000E+000   0.00000E+000   0.00000E+000   0.00000E+000   0.00000E+000
   0.24250E+002   0.00000E+000   0.00000E+000   0.00000E+000   0.00000E+000   0.00000E+000
   0.24350E+002   0.00000E+000   0.00000E+000   0.00000E+000   0.00000E+000   0.00000E+000
   0.24450E+002   0.00000E+000   0.00000E+000   0.00000E+000   0.00000E+000   0.00000E+000
   0.24550E+002   0.00000E+000   0.00000E+000   0.00000E+000   0.00000E+000   0.00000E+000
   0.24650E+002   0.00000E+000   0.00000E+000   0.00000E+000   0.00000E+000   0.00000E+000
   0.24750E+002   0.00000E+000   0.00000E+000   0.00000E+000   0.00000E+000   0.00000E+000
   0.24850E+002   0.00000E+000   0.00000E+000   0.00000E+000   0.00000E+000   0.00000E+000
   0.24950E+002   0.00000E+000   0.00000E+000   0.00000E+000   0.00000E+000   0.00000E+000
   0.25050E+002   0.00000E+000   0.00000E+000   0.00000E+000   0.00000E+000   0.00000E+000
   0.25150E+002   0.00000E+000   0.00000E+000   0.00000E+000   0.00000E+000   0.00000E+000
   0.25250E+002   0.00000E+000   0.00000E+000   0.00000E+000   0.00000E+000   0.00000E+000
   0.25350E+002   0.00000E+000   0.00000E+000   0.00000E+000   0.00000E+000   0.00000E+000
   0.25450E+002   0.00000E+000   0.00000E+000   0.00000E+000   0.00000E+000   0.00000E+000
   0.25550E+002   0.00000E+000   0.00000E+000   0.00000E+000   0.00000E+000   0.00000E+000
   0.25650E+002   0.00000E+000   0.00000E+000   0.00000E+000   0.00000E+000   0.00000E+000
   0.25750E+002   0.00000E+000   0.00000E+000   0.00000E+000   0.00000E+000   0.00000E+000
   0.25850E+002   0.00000E+000   0.00000E+000   0.00000E+000   0.00000E+000   0.00000E+000
   0.25950E+002   0.00000E+000   0.00000E+000   0.00000E+000   0.00000E+000   0.00000E+000
   0.26050E+002   0.00000E+000   0.00000E+000   0.00000E+000   0.00000E+000   0.00000E+000
   0.26150E+002   0.00000E+000   0.00000E+000   0.00000E+000   0.00000E+000   0.00000E+000
   0.26250E+002   0.00000E+000   0.00000E+000   0.00000E+000   0.00000E+000   0.00000E+000
   0.26350E+002   0.00000E+000   0.00000E+000   0.00000E+000   0.00000E+000   0.00000E+000
   0.26450E+002   0.00000E+000   0.00000E+000   0.00000E+000   0.00000E+000   0.00000E+000
   0.26550E+002   0.00000E+000   0.00000E+000   0.00000E+000   0.00000E+000   0.00000E+000
   0.26650E+002   0.00000E+000   0.00000E+000   0.00000E+000   0.00000E+000   0.00000E+000
   0.26750E+002   0.00000E+000   0.00000E+000   0.00000E+000   0.00000E+000   0.00000E+000
   0.26850E+002   0.00000E+000   0.00000E+000   0.00000E+000   0.00000E+000   0.00000E+000
   0.26950E+002   0.00000E+000   0.00000E+000   0.00000E+000   0.00000E+000   0.00000E+000
   0.27050E+002   0.00000E+000   0.00000E+000   0.00000E+000   0.00000E+000   0.00000E+000
   0.27150E+002   0.00000E+000   0.00000E+000   0.00000E+000   0.00000E+000   0.00000E+000
   0.27250E+002   0.00000E+000   0.00000E+000   0.00000E+000   0.00000E+000   0.00000E+000
   0.27350E+002   0.00000E+000   0.00000E+000   0.00000E+000   0.00000E+000   0.00000E+000
   0.27450E+002   0.00000E+000   0.00000E+000   0.00000E+000   0.00000E+000   0.00000E+000
   0.27550E+002   0.00000E+000   0.00000E+000   0.00000E+000   0.00000E+000   0.00000E+000
   0.27650E+002   0.00000E+000   0.00000E+000   0.00000E+000   0.00000E+000   0.00000E+000
   0.27750E+002   0.00000E+000   0.00000E+000   0.00000E+000   0.00000E+000   0.00000E+000
   0.27850E+002   0.00000E+000   0.00000E+000   0.00000E+000   0.00000E+000   0.00000E+000
   0.27950E+002   0.00000E+000   0.00000E+000   0.00000E+000   0.00000E+000   0.00000E+000
   0.28050E+002   0.00000E+000   0.00000E+000   0.00000E+000   0.00000E+000   0.00000E+000
   0.28150E+002   0.00000E+000   0.00000E+000   0.00000E+000   0.00000E+000   0.00000E+000
   0.28250E+002   0.00000E+000   0.00000E+000   0.00000E+000   0.00000E+000   0.00000E+000
   0.28350E+002   0.00000E+000   0.00000E+000   0.00000E+000   0.00000E+000   0.00000E+000
   0.28450E+002   0.00000E+000   0.00000E+000   0.00000E+000   0.00000E+000   0.00000E+000
   0.28550E+002   0.00000E+000   0.00000E+000   0.00000E+000   0.00000E+000   0.00000E+000
   0.28650E+002   0.00000E+000   0.00000E+000   0.00000E+000   0.00000E+000   0.00000E+000
   0.28750E+002   0.00000E+000   0.00000E+000   0.00000E+000   0.00000E+000   0.00000E+000
   0.28850E+002   0.00000E+000   0.00000E+000   0.00000E+000   0.00000E+000   0.00000E+000
   0.28950E+002   0.00000E+000   0.00000E+000   0.00000E+000   0.00000E+000   0.00000E+000
   0.29050E+002   0.00000E+000   0.00000E+000   0.00000E+000   0.00000E+000   0.00000E+000
   0.29150E+002   0.00000E+000   0.00000E+000   0.00000E+000   0.00000E+000   0.00000E+000
   0.29250E+002   0.00000E+000   0.00000E+000   0.00000E+000   0.00000E+000   0.00000E+000
   0.29350E+002   0.00000E+000   0.00000E+000   0.00000E+000   0.00000E+000   0.00000E+000
   0.29450E+002   0.00000E+000   0.00000E+000   0.00000E+000   0.00000E+000   0.00000E+000
   0.29550E+002   0.00000E+000   0.00000E+000   0.00000E+000   0.00000E+000   0.00000E+000
   0.29650E+002   0.00000E+000   0.00000E+000   0.00000E+000   0.00000E+000   0.00000E+000
   0.29750E+002   0.00000E+000   0.00000E+000   0.00000E+000   0.00000E+000   0.00000E+000
   0.29850E+002   0.00000E+000   0.00000E+000   0.00000E+000   0.00000E+000   0.00000E+000
   0.29950E+002   0.00000E+000   0.00000E+000   0.00000E+000   0.00000E+000   0.00000E+000
   0.30050E+002   0.00000E+000   0.00000E+000   0.00000E+000   0.00000E+000   0.00000E+000
   0.30150E+002   0.00000E+000   0.00000E+000   0.00000E+000   0.00000E+000   0.00000E+000
   0.30250E+002   0.00000E+000   0.00000E+000   0.00000E+000   0.00000E+000   0.00000E+000
   0.30350E+002   0.00000E+000   0.00000E+000   0.00000E+000   0.00000E+000   0.00000E+000
   0.30450E+002   0.00000E+000   0.00000E+000   0.00000E+000   0.00000E+000   0.00000E+000
   0.30550E+002   0.00000E+000   0.00000E+000   0.00000E+000   0.00000E+000   0.00000E+000
   0.30650E+002   0.00000E+000   0.00000E+000   0.00000E+000   0.00000E+000   0.00000E+000
   0.30750E+002   0.00000E+000   0.00000E+000   0.00000E+000   0.00000E+000   0.00000E+000
   0.30850E+002   0.00000E+000   0.00000E+000   0.00000E+000   0.00000E+000   0.00000E+000
   0.30950E+002   0.00000E+000   0.00000E+000   0.00000E+000   0.00000E+000   0.00000E+000
   0.31050E+002   0.00000E+000   0.00000E+000   0.00000E+000   0.00000E+000   0.00000E+000
   0.31150E+002   0.00000E+000   0.00000E+000   0.00000E+000   0.00000E+000   0.00000E+000
   0.31250E+002   0.00000E+000   0.00000E+000   0.00000E+000   0.00000E+000   0.00000E+000
   0.31350E+002   0.00000E+000   0.00000E+000   0.00000E+000   0.00000E+000   0.00000E+000
   0.31450E+002   0.00000E+000   0.00000E+000   0.00000E+000   0.00000E+000   0.00000E+000
   0.31550E+002   0.00000E+000   0.00000E+000   0.00000E+000   0.00000E+000   0.00000E+000
   0.31650E+002   0.00000E+000   0.00000E+000   0.00000E+000   0.00000E+000   0.00000E+000
   0.31750E+002   0.00000E+000   0.00000E+000   0.00000E+000   0.00000E+000   0.00000E+000
   0.31850E+002   0.00000E+000   0.00000E+000   0.00000E+000   0.00000E+000   0.00000E+000
   0.31950E+002   0.00000E+000   0.00000E+000   0.00000E+000   0.00000E+000   0.00000E+000
   0.32050E+002   0.00000E+000   0.00000E+000   0.00000E+000   0.00000E+000   0.00000E+000
   0.32150E+002   0.00000E+000   0.00000E+000   0.00000E+000   0.00000E+000   0.00000E+000
   0.32250E+002   0.00000E+000   0.00000E+000   0.00000E+000   0.00000E+000   0.00000E+000
   0.32350E+002   0.00000E+000   0.00000E+000   0.00000E+000   0.00000E+000   0.00000E+000
   0.32450E+002   0.00000E+000   0.00000E+000   0.00000E+000   0.00000E+000   0.00000E+000
   0.32550E+002   0.00000E+000   0.00000E+000   0.00000E+000   0.00000E+000   0.00000E+000
   0.32650E+002   0.00000E+000   0.00000E+000   0.00000E+000   0.00000E+000   0.00000E+000
   0.32750E+002   0.00000E+000   0.00000E+000   0.00000E+000   0.00000E+000   0.00000E+000
   0.32850E+002   0.00000E+000   0.00000E+000   0.00000E+000   0.00000E+000   0.00000E+000
   0.32950E+002   0.00000E+000   0.00000E+000   0.00000E+000   0.00000E+000   0.00000E+000
   0.33050E+002   0.00000E+000   0.00000E+000   0.00000E+000   0.00000E+000   0.00000E+000
   0.33150E+002   0.00000E+000   0.00000E+000   0.00000E+000   0.00000E+000   0.00000E+000
   0.33250E+002   0.00000E+000   0.00000E+000   0.00000E+000   0.00000E+000   0.00000E+000
   0.33350E+002   0.00000E+000   0.00000E+000   0.00000E+000   0.00000E+000   0.00000E+000
   0.33450E+002   0.00000E+000   0.00000E+000   0.00000E+000   0.00000E+000   0.00000E+000
   0.33550E+002   0.00000E+000   0.00000E+000   0.00000E+000   0.00000E+000   0.00000E+000
   0.33650E+002   0.00000E+000   0.00000E+000   0.00000E+000   0.00000E+000   0.00000E+000
   0.33750E+002   0.17228E-001   0.82787E+000   0.83960E-003   0.29309E-003   0.90335E-003
   0.33850E+002   0.36614E+001   0.82724E+000  -0.42051E-005  -0.11505E-005  -0.37824E-005
   0.33950E+002   0.50151E-004   0.84468E+000   0.61821E-002   0.56597E-002  -0.86645E-002
   0.34050E+002   0.00000E+000   0.00000E+000   0.00000E+000   0.00000E+000   0.00000E+000
   0.34150E+002   0.00000E+000   0.00000E+000   0.00000E+000   0.00000E+000   0.00000E+000
   0.34250E+002   0.00000E+000   0.00000E+000   0.00000E+000   0.00000E+000   0.00000E+000
   0.34350E+002   0.48023E+000   0.82720E+000   0.29007E-005   0.16536E-003   0.12543E-003
   0.34450E+002   0.31985E+001   0.82710E+000  -0.55332E-006  -0.24520E-004  -0.18360E-004
   0.34550E+002   0.00000E+000   0.00000E+000   0.00000E+000   0.00000E+000   0.00000E+000
   0.34650E+002   0.00000E+000   0.00000E+000   0.00000E+000   0.00000E+000   0.00000E+000
   0.34750E+002   0.00000E+000   0.00000E+000   0.00000E+000   0.00000E+000   0.00000E+000
   0.34850E+002   0.00000E+000   0.00000E+000   0.00000E+000   0.00000E+000   0.00000E+000
   0.34950E+002   0.31200E+001   0.82702E+000   0.16103E-004   0.41615E-004   0.81482E-005
   0.35050E+002   0.55867E+000   0.82713E+000  -0.92208E-004  -0.23016E-003  -0.43300E-004
   0.35150E+002   0.00000E+000   0.00000E+000   0.00000E+000   0.00000E+000   0.00000E+000
   0.35250E+002   0.00000E+000   0.00000E+000   0.00000E+000   0.00000E+000   0.00000E+000
   0.35350E+002   0.00000E+000   0.00000E+000   0.00000E+000   0.00000E+000   0.00000E+000
   0.35450E+002   0.00000E+000   0.00000E+000   0.00000E+000   0.00000E+000   0.00000E+000
   0.35550E+002   0.36772E+001   0.82689E+000   0.25955E-006  -0.47129E-007   0.17802E-006
   0.35650E+002   0.14915E-002   0.82636E+000  -0.82767E-003   0.10578E-002   0.57979E-003
   0.35750E+002   0.00000E+000   0.00000E+000   0.00000E+000   0.00000E+000   0.00000E+000
   0.35850E+002   0.00000E+000   0.00000E+000   0.00000E+000   0.00000E+000   0.00000E+000
   0.35950E+002   0.00000E+000   0.00000E+000   0.00000E+000   0.00000E+000   0.00000E+000
   0.36050E+002   0.18444E-003   0.81963E+000   0.10546E-002  -0.53614E-002   0.81839E-003
   0.36150E+002   0.36785E+001   0.82700E+000  -0.30716E-006   0.69282E-006   0.17826E-006
   0.36250E+002   0.23950E-007   0.35136E+000  -0.39254E+000  -0.99187E-001   0.22786E+000
   0.36350E+002   0.00000E+000   0.00000E+000   0.00000E+000   0.00000E+000   0.00000E+000
   0.36450E+002   0.00000E+000   0.00000E+000   0.00000E+000   0.00000E+000   0.00000E+000
   0.36550E+002   0.00000E+000   0.00000E+000   0.00000E+000   0.00000E+000   0.00000E+000
   0.36650E+002   0.21281E+000   0.82743E+000   0.18612E-003   0.27148E-003   0.75262E-004
   0.36750E+002   0.34659E+001   0.82728E+000  -0.11854E-004  -0.16365E-004  -0.41888E-005
   0.36850E+002   0.00000E+000   0.00000E+000   0.00000E+000   0.00000E+000   0.00000E+000
   0.36950E+002   0.00000E+000   0.00000E+000   0.00000E+000   0.00000E+000   0.00000E+000
   0.37050E+002   0.00000E+000   0.00000E+000   0.00000E+000   0.00000E+000   0.00000E+000
   0.37150E+002   0.00000E+000   0.00000E+000   0.00000E+000   0.00000E+000   0.00000E+000
   0.37250E+002   0.28944E+001   0.82730E+000  -0.46648E-004   0.78082E-005   0.12315E-005
   0.37350E+002   0.78428E+000   0.82727E+000   0.17091E-003  -0.26339E-004  -0.16475E-004
   0.37450E+002   0.00000E+000   0.00000E+000   0.00000E+000   0.00000E+000   0.00000E+000
   0.37550E+002   0.00000E+000   0.00000E+000   0.00000E+000   0.00000E+000   0.00000E+000
   0.37650E+002   0.00000E+000   0.00000E+000   0.00000E+000   0.00000E+000   0.00000E+000
   0.37750E+002   0.00000E+000   0.00000E+000   0.00000E+000   0.00000E+000   0.00000E+000
   0.37850E+002   0.00000E+000   0.00000E+000   0.00000E+000   0.00000E+000   0.00000E+000
   0.37950E+002   0.00000E+000   0.00000E+000   0.00000E+000   0.00000E+000   0.00000E+000
   0.38050E+002   0.00000E+000   0.00000E+000   0.00000E+000   0.00000E+000   0.00000E+000
   0.38150E+002   0.00000E+000   0.00000E+000   0.00000E+000   0.00000E+000   0.00000E+000
   0.38250E+002   0.00000E+000   0.00000E+000   0.00000E+000   0.00000E+000   0.00000E+000
   0.38350E+002   0.00000E+000   0.00000E+000   0.00000E+000   0.00000E+000   0.00000E+000
   0.38450E+002   0.00000E+000   0.00000E+000   0.00000E+000   0.00000E+000   0.00000E+000
   0.38550E+002   0.00000E+000   0.00000E+000   0.00000E+000   0.00000E+000   0.00000E+000
   0.38650E+002   0.00000E+000   0.00000E+000   0.00000E+000   0.00000E+000   0.00000E+000
   0.38750E+002   0.00000E+000   0.00000E+000   0.00000E+000   0.00000E+000   0.00000E+000
   0.38850E+002   0.00000E+000   0.00000E+000   0.00000E+000   0.00000E+000   0.00000E+000
   0.38950E+002   0.00000E+000   0.00000E+000   0.00000E+000   0.00000E+000   0.00000E+000
   0.39050E+002   0.00000E+000   0.00000E+000   0.00000E+000   0.00000E+000   0.00000E+000
   0.39150E+002   0.00000E+000   0.00000E+000   0.00000E+000   0.00000E+000   0.00000E+000
   0.39250E+002   0.00000E+000   0.00000E+000   0.00000E+000   0.00000E+000   0.00000E+000
   0.39350E+002   0.00000E+000   0.00000E+000   0.00000E+000   0.00000E+000   0.00000E+000
   0.39450E+002   0.00000E+000   0.00000E+000   0.00000E+000   0.00000E+000   0.00000E+000
   0.39550E+002   0.00000E+000   0.00000E+000   0.00000E+000   0.00000E+000   0.00000E+000
   0.39650E+002   0.00000E+000   0.00000E+000   0.00000E+000   0.00000E+000   0.00000E+000
   0.39750E+002   0.00000E+000   0.00000E+000   0.00000E+000   0.00000E+000   0.00000E+000
   0.39850E+002   0.00000E+000   0.00000E+000   0.00000E+000   0.00000E+000   0.00000E+000
   0.39950E+002   0.00000E+000   0.00000E+000   0.00000E+000   0.00000E+000   0.00000E+000
   0.40050E+002   0.00000E+000   0.00000E+000   0.00000E+000   0.00000E+000   0.00000E+000
   0.40150E+002   0.00000E+000   0.00000E+000   0.00000E+000   0.00000E+000   0.00000E+000
   0.40250E+002   0.00000E+000   0.00000E+000   0.00000E+000   0.00000E+000   0.00000E+000
   0.40350E+002   0.00000E+000   0.00000E+000   0.00000E+000   0.00000E+000   0.00000E+000
   0.40450E+002   0.00000E+000   0.00000E+000   0.00000E+000   0.00000E+000   0.00000E+000
   0.40550E+002   0.00000E+000   0.00000E+000   0.00000E+000   0.00000E+000   0.00000E+000
   0.40650E+002   0.00000E+000   0.00000E+000   0.00000E+000   0.00000E+000   0.00000E+000
   0.40750E+002   0.00000E+000   0.00000E+000   0.00000E+000   0.00000E+000   0.00000E+000
   0.40850E+002   0.00000E+000   0.00000E+000   0.00000E+000   0.00000E+000   0.00000E+000
   0.40950E+002   0.00000E+000   0.00000E+000   0.00000E+000   0.00000E+000   0.00000E+000
   0.41050E+002   0.00000E+000   0.00000E+000   0.00000E+000   0.00000E+000   0.00000E+000
   0.41150E+002   0.00000E+000   0.00000E+000   0.00000E+000   0.00000E+000   0.00000E+000
   0.41250E+002   0.00000E+000   0.00000E+000   0.00000E+000   0.00000E+000   0.00000E+000
   0.41350E+002   0.00000E+000   0.00000E+000   0.00000E+000   0.00000E+000   0.00000E+000
   0.41450E+002   0.00000E+000   0.00000E+000   0.00000E+000   0.00000E+000   0.00000E+000
   0.41550E+002   0.00000E+000   0.00000E+000   0.00000E+000   0.00000E+000   0.00000E+000
   0.41650E+002   0.00000E+000   0.00000E+000   0.00000E+000   0.00000E+000   0.00000E+000
   0.41750E+002   0.00000E+000   0.00000E+000   0.00000E+000   0.00000E+000   0.00000E+000
   0.41850E+002   0.00000E+000   0.00000E+000   0.00000E+000   0.00000E+000   0.00000E+000
   0.41950E+002   0.00000E+000   0.00000E+000   0.00000E+000   0.00000E+000   0.00000E+000
   0.42050E+002   0.00000E+000   0.00000E+000   0.00000E+000   0.00000E+000   0.00000E+000
   0.42150E+002   0.00000E+000   0.00000E+000   0.00000E+000   0.00000E+000   0.00000E+000
   0.42250E+002   0.00000E+000   0.00000E+000   0.00000E+000   0.00000E+000   0.00000E+000
   0.42350E+002   0.00000E+000   0.00000E+000   0.00000E+000   0.00000E+000   0.00000E+000
   0.42450E+002   0.00000E+000   0.00000E+000   0.00000E+000   0.00000E+000   0.00000E+000
   0.42550E+002   0.00000E+000   0.00000E+000   0.00000E+000   0.00000E+000   0.00000E+000
   0.42650E+002   0.00000E+000   0.00000E+000   0.00000E+000   0.00000E+000   0.00000E+000
   0.42750E+002   0.00000E+000   0.00000E+000   0.00000E+000   0.00000E+000   0.00000E+000
   0.42850E+002   0.00000E+000   0.00000E+000   0.00000E+000   0.00000E+000   0.00000E+000
   0.42950E+002   0.00000E+000   0.00000E+000   0.00000E+000   0.00000E+000   0.00000E+000
   0.43050E+002   0.00000E+000   0.00000E+000   0.00000E+000   0.00000E+000   0.00000E+000
   0.43150E+002   0.00000E+000   0.00000E+000   0.00000E+000   0.00000E+000   0.00000E+000
   0.43250E+002   0.00000E+000   0.00000E+000   0.00000E+000   0.00000E+000   0.00000E+000
   0.43350E+002   0.00000E+000   0.00000E+000   0.00000E+000   0.00000E+000   0.00000E+000
   0.43450E+002   0.00000E+000   0.00000E+000   0.00000E+000   0.00000E+000   0.00000E+000
   0.43550E+002   0.00000E+000   0.00000E+000   0.00000E+000   0.00000E+000   0.00000E+000
   0.43650E+002   0.00000E+000   0.00000E+000   0.00000E+000   0.00000E+000   0.00000E+000
   0.43750E+002   0.00000E+000   0.00000E+000   0.00000E+000   0.00000E+000   0.00000E+000
   0.43850E+002   0.00000E+000   0.00000E+000   0.00000E+000   0.00000E+000   0.00000E+000
   0.43950E+002   0.00000E+000   0.00000E+000   0.00000E+000   0.00000E+000   0.00000E+000
   0.44050E+002   0.00000E+000   0.00000E+000   0.00000E+000   0.00000E+000   0.00000E+000
   0.44150E+002   0.00000E+000   0.00000E+000   0.00000E+000   0.00000E+000   0.00000E+000
   0.44250E+002   0.00000E+000   0.00000E+000   0.00000E+000   0.00000E+000   0.00000E+000
   0.44350E+002   0.00000E+000   0.00000E+000   0.00000E+000   0.00000E+000   0.00000E+000
   0.44450E+002   0.00000E+000   0.00000E+000   0.00000E+000   0.00000E+000   0.00000E+000
   0.44550E+002   0.00000E+000   0.00000E+000   0.00000E+000   0.00000E+000   0.00000E+000
   0.44650E+002   0.00000E+000   0.00000E+000   0.00000E+000   0.00000E+000   0.00000E+000
   0.44750E+002   0.00000E+000   0.00000E+000   0.00000E+000   0.00000E+000   0.00000E+000
   0.44850E+002   0.00000E+000   0.00000E+000   0.00000E+000   0.00000E+000   0.00000E+000
   0.44950E+002   0.00000E+000   0.00000E+000   0.00000E+000   0.00000E+000   0.00000E+000
   0.45050E+002   0.00000E+000   0.00000E+000   0.00000E+000   0.00000E+000   0.00000E+000
   0.45150E+002   0.00000E+000   0.00000E+000   0.00000E+000   0.00000E+000   0.00000E+000
   0.45250E+002   0.00000E+000   0.00000E+000   0.00000E+000   0.00000E+000   0.00000E+000
   0.45350E+002   0.00000E+000   0.00000E+000   0.00000E+000   0.00000E+000   0.00000E+000
   0.45450E+002   0.00000E+000   0.00000E+000   0.00000E+000   0.00000E+000   0.00000E+000
   0.45550E+002   0.00000E+000   0.00000E+000   0.00000E+000   0.00000E+000   0.00000E+000
   0.45650E+002   0.00000E+000   0.00000E+000   0.00000E+000   0.00000E+000   0.00000E+000
   0.45750E+002   0.00000E+000   0.00000E+000   0.00000E+000   0.00000E+000   0.00000E+000
   0.45850E+002   0.00000E+000   0.00000E+000   0.00000E+000   0.00000E+000   0.00000E+000
   0.45950E+002   0.00000E+000   0.00000E+000   0.00000E+000   0.00000E+000   0.00000E+000
   0.46050E+002   0.00000E+000   0.00000E+000   0.00000E+000   0.00000E+000   0.00000E+000
   0.46150E+002   0.00000E+000   0.00000E+000   0.00000E+000   0.00000E+000   0.00000E+000
   0.46250E+002   0.00000E+000   0.00000E+000   0.00000E+000   0.00000E+000   0.00000E+000
   0.46350E+002   0.00000E+000   0.00000E+000   0.00000E+000   0.00000E+000   0.00000E+000
   0.46450E+002   0.00000E+000   0.00000E+000   0.00000E+000   0.00000E+000   0.00000E+000
   0.46550E+002   0.00000E+000   0.00000E+000   0.00000E+000   0.00000E+000   0.00000E+000
   0.46650E+002   0.00000E+000   0.00000E+000   0.00000E+000   0.00000E+000   0.00000E+000
   0.46750E+002   0.00000E+000   0.00000E+000   0.00000E+000   0.00000E+000   0.00000E+000
   0.46850E+002   0.00000E+000   0.00000E+000   0.00000E+000   0.00000E+000   0.00000E+000
   0.46950E+002   0.00000E+000   0.00000E+000   0.00000E+000   0.00000E+000   0.00000E+000
   0.47050E+002   0.00000E+000   0.00000E+000   0.00000E+000   0.00000E+000   0.00000E+000
   0.47150E+002   0.00000E+000   0.00000E+000   0.00000E+000   0.00000E+000   0.00000E+000
   0.47250E+002   0.00000E+000   0.00000E+000   0.00000E+000   0.00000E+000   0.00000E+000
   0.47350E+002   0.00000E+000   0.00000E+000   0.00000E+000   0.00000E+000   0.00000E+000
   0.47450E+002   0.00000E+000   0.00000E+000   0.00000E+000   0.00000E+000   0.00000E+000
   0.47550E+002   0.00000E+000   0.00000E+000   0.00000E+000   0.00000E+000   0.00000E+000
   0.47650E+002   0.00000E+000   0.00000E+000   0.00000E+000   0.00000E+000   0.00000E+000
   0.47750E+002   0.00000E+000   0.00000E+000   0.00000E+000   0.00000E+000   0.00000E+000
   0.47850E+002   0.00000E+000   0.00000E+000   0.00000E+000   0.00000E+000   0.00000E+000
   0.47950E+002   0.00000E+000   0.00000E+000   0.00000E+000   0.00000E+000   0.00000E+000
   0.48050E+002   0.00000E+000   0.00000E+000   0.00000E+000   0.00000E+000   0.00000E+000
   0.48150E+002   0.00000E+000   0.00000E+000   0.00000E+000   0.00000E+000   0.00000E+000
   0.48250E+002   0.00000E+000   0.00000E+000   0.00000E+000   0.00000E+000   0.00000E+000
   0.48350E+002   0.00000E+000   0.00000E+000   0.00000E+000   0.00000E+000   0.00000E+000
   0.48450E+002   0.00000E+000   0.00000E+000   0.00000E+000   0.00000E+000   0.00000E+000
   0.48550E+002   0.00000E+000   0.00000E+000   0.00000E+000   0.00000E+000   0.00000E+000
   0.48650E+002   0.00000E+000   0.00000E+000   0.00000E+000   0.00000E+000   0.00000E+000
   0.48750E+002   0.00000E+000   0.00000E+000   0.00000E+000   0.00000E+000   0.00000E+000
   0.48850E+002   0.00000E+000   0.00000E+000   0.00000E+000   0.00000E+000   0.00000E+000
   0.48950E+002   0.00000E+000   0.00000E+000   0.00000E+000   0.00000E+000   0.00000E+000
   0.49050E+002   0.00000E+000   0.00000E+000   0.00000E+000   0.00000E+000   0.00000E+000
   0.49150E+002   0.00000E+000   0.00000E+000   0.00000E+000   0.00000E+000   0.00000E+000
   0.49250E+002   0.00000E+000   0.00000E+000   0.00000E+000   0.00000E+000   0.00000E+000
   0.49350E+002   0.00000E+000   0.00000E+000   0.00000E+000   0.00000E+000   0.00000E+000
   0.49450E+002   0.00000E+000   0.00000E+000   0.00000E+000   0.00000E+000   0.00000E+000
   0.49550E+002   0.00000E+000   0.00000E+000   0.00000E+000   0.00000E+000   0.00000E+000
   0.49650E+002   0.00000E+000   0.00000E+000   0.00000E+000   0.00000E+000   0.00000E+000
   0.49750E+002   0.00000E+000   0.00000E+000   0.00000E+000   0.00000E+000   0.00000E+000
   0.49850E+002   0.00000E+000   0.00000E+000   0.00000E+000   0.00000E+000   0.00000E+000
   0.49950E+002   0.00000E+000   0.00000E+000   0.00000E+000   0.00000E+000   0.00000E+000
   0.50050E+002   0.00000E+000   0.00000E+000   0.00000E+000   0.00000E+000   0.00000E+000
   0.50150E+002   0.00000E+000   0.00000E+000   0.00000E+000   0.00000E+000   0.00000E+000
   0.50250E+002   0.00000E+000   0.00000E+000   0.00000E+000   0.00000E+000   0.00000E+000
   0.50350E+002   0.00000E+000   0.00000E+000   0.00000E+000   0.00000E+000   0.00000E+000
   0.50450E+002   0.00000E+000   0.00000E+000   0.00000E+000   0.00000E+000   0.00000E+000
   0.50550E+002   0.00000E+000   0.00000E+000   0.00000E+000   0.00000E+000   0.00000E+000
   0.50650E+002   0.00000E+000   0.00000E+000   0.00000E+000   0.00000E+000   0.00000E+000
   0.50750E+002   0.00000E+000   0.00000E+000   0.00000E+000   0.00000E+000   0.00000E+000
   0.50850E+002   0.00000E+000   0.00000E+000   0.00000E+000   0.00000E+000   0.00000E+000
   0.50950E+002   0.00000E+000   0.00000E+000   0.00000E+000   0.00000E+000   0.00000E+000
   0.51050E+002   0.00000E+000   0.00000E+000   0.00000E+000   0.00000E+000   0.00000E+000
   0.51150E+002   0.00000E+000   0.00000E+000   0.00000E+000   0.00000E+000   0.00000E+000
   0.51250E+002   0.00000E+000   0.00000E+000   0.00000E+000   0.00000E+000   0.00000E+000
   0.51350E+002   0.00000E+000   0.00000E+000   0.00000E+000   0.00000E+000   0.00000E+000
   0.51450E+002   0.00000E+000   0.00000E+000   0.00000E+000   0.00000E+000   0.00000E+000
   0.51550E+002   0.00000E+000   0.00000E+000   0.00000E+000   0.00000E+000   0.00000E+000
   0.51650E+002   0.00000E+000   0.00000E+000   0.00000E+000   0.00000E+000   0.00000E+000
   0.51750E+002   0.00000E+000   0.00000E+000   0.00000E+000   0.00000E+000   0.00000E+000
   0.51850E+002   0.00000E+000   0.00000E+000   0.00000E+000   0.00000E+000   0.00000E+000
   0.51950E+002   0.00000E+000   0.00000E+000   0.00000E+000   0.00000E+000   0.00000E+000
   0.52050E+002   0.00000E+000   0.00000E+000   0.00000E+000   0.00000E+000   0.00000E+000
   0.52150E+002   0.00000E+000   0.00000E+000   0.00000E+000   0.00000E+000   0.00000E+000
   0.52250E+002   0.00000E+000   0.00000E+000   0.00000E+000   0.00000E+000   0.00000E+000
   0.52350E+002   0.00000E+000   0.00000E+000   0.00000E+000   0.00000E+000   0.00000E+000
   0.52450E+002   0.00000E+000   0.00000E+000   0.00000E+000   0.00000E+000   0.00000E+000
   0.52550E+002   0.00000E+000   0.00000E+000   0.00000E+000   0.00000E+000   0.00000E+000
   0.52650E+002   0.00000E+000   0.00000E+000   0.00000E+000   0.00000E+000   0.00000E+000
   0.52750E+002   0.00000E+000   0.00000E+000   0.00000E+000   0.00000E+000   0.00000E+000
   0.52850E+002   0.00000E+000   0.00000E+000   0.00000E+000   0.00000E+000   0.00000E+000
   0.52950E+002   0.00000E+000   0.00000E+000   0.00000E+000   0.00000E+000   0.00000E+000
   0.53050E+002   0.00000E+000   0.00000E+000   0.00000E+000   0.00000E+000   0.00000E+000
   0.53150E+002   0.00000E+000   0.00000E+000   0.00000E+000   0.00000E+000   0.00000E+000
   0.53250E+002   0.00000E+000   0.00000E+000   0.00000E+000   0.00000E+000   0.00000E+000
   0.53350E+002   0.00000E+000   0.00000E+000   0.00000E+000   0.00000E+000   0.00000E+000
   0.53450E+002   0.00000E+000   0.00000E+000   0.00000E+000   0.00000E+000   0.00000E+000
   0.53550E+002   0.00000E+000   0.00000E+000   0.00000E+000   0.00000E+000   0.00000E+000
   0.53650E+002   0.00000E+000   0.00000E+000   0.00000E+000   0.00000E+000   0.00000E+000
   0.53750E+002   0.00000E+000   0.00000E+000   0.00000E+000   0.00000E+000   0.00000E+000
   0.53850E+002   0.00000E+000   0.00000E+000   0.00000E+000   0.00000E+000   0.00000E+000
   0.53950E+002   0.00000E+000   0.00000E+000   0.00000E+000   0.00000E+000   0.00000E+000
   0.54050E+002   0.00000E+000   0.00000E+000   0.00000E+000   0.00000E+000   0.00000E+000
   0.54150E+002   0.00000E+000   0.00000E+000   0.00000E+000   0.00000E+000   0.00000E+000
   0.54250E+002   0.00000E+000   0.00000E+000   0.00000E+000   0.00000E+000   0.00000E+000
   0.54350E+002   0.00000E+000   0.00000E+000   0.00000E+000   0.00000E+000   0.00000E+000
   0.54450E+002   0.00000E+000   0.00000E+000   0.00000E+000   0.00000E+000   0.00000E+000
   0.54550E+002   0.00000E+000   0.00000E+000   0.00000E+000   0.00000E+000   0.00000E+000
   0.54650E+002   0.00000E+000   0.00000E+000   0.00000E+000   0.00000E+000   0.00000E+000
   0.54750E+002   0.00000E+000   0.00000E+000   0.00000E+000   0.00000E+000   0.00000E+000
   0.54850E+002   0.00000E+000   0.00000E+000   0.00000E+000   0.00000E+000   0.00000E+000
   0.54950E+002   0.00000E+000   0.00000E+000   0.00000E+000   0.00000E+000   0.00000E+000
   0.55050E+002   0.00000E+000   0.00000E+000   0.00000E+000   0.00000E+000   0.00000E+000
   0.55150E+002   0.00000E+000   0.00000E+000   0.00000E+000   0.00000E+000   0.00000E+000
   0.55250E+002   0.00000E+000   0.00000E+000   0.00000E+000   0.00000E+000   0.00000E+000
   0.55350E+002   0.00000E+000   0.00000E+000   0.00000E+000   0.00000E+000   0.00000E+000
   0.55450E+002   0.00000E+000   0.00000E+000   0.00000E+000   0.00000E+000   0.00000E+000
   0.55550E+002   0.00000E+000   0.00000E+000   0.00000E+000   0.00000E+000   0.00000E+000
   0.55650E+002   0.00000E+000   0.00000E+000   0.00000E+000   0.00000E+000   0.00000E+000
   0.55750E+002   0.00000E+000   0.00000E+000   0.00000E+000   0.00000E+000   0.00000E+000
   0.55850E+002   0.00000E+000   0.00000E+000   0.00000E+000   0.00000E+000   0.00000E+000
   0.55950E+002   0.00000E+000   0.00000E+000   0.00000E+000   0.00000E+000   0.00000E+000
   0.56050E+002   0.00000E+000   0.00000E+000   0.00000E+000   0.00000E+000   0.00000E+000
   0.56150E+002   0.00000E+000   0.00000E+000   0.00000E+000   0.00000E+000   0.00000E+000
   0.56250E+002   0.00000E+000   0.00000E+000   0.00000E+000   0.00000E+000   0.00000E+000
   0.56350E+002   0.00000E+000   0.00000E+000   0.00000E+000   0.00000E+000   0.00000E+000
   0.56450E+002   0.00000E+000   0.00000E+000   0.00000E+000   0.00000E+000   0.00000E+000
   0.56550E+002   0.00000E+000   0.00000E+000   0.00000E+000   0.00000E+000   0.00000E+000
   0.56650E+002   0.00000E+000   0.00000E+000   0.00000E+000   0.00000E+000   0.00000E+000
   0.56750E+002   0.00000E+000   0.00000E+000   0.00000E+000   0.00000E+000   0.00000E+000
   0.56850E+002   0.00000E+000   0.00000E+000   0.00000E+000   0.00000E+000   0.00000E+000
   0.56950E+002   0.00000E+000   0.00000E+000   0.00000E+000   0.00000E+000   0.00000E+000
   0.57050E+002   0.00000E+000   0.00000E+000   0.00000E+000   0.00000E+000   0.00000E+000
   0.57150E+002   0.00000E+000   0.00000E+000   0.00000E+000   0.00000E+000   0.00000E+000
   0.57250E+002   0.00000E+000   0.00000E+000   0.00000E+000   0.00000E+000   0.00000E+000
   0.57350E+002   0.00000E+000   0.00000E+000   0.00000E+000   0.00000E+000   0.00000E+000
   0.57450E+002   0.00000E+000   0.00000E+000   0.00000E+000   0.00000E+000   0.00000E+000
   0.57550E+002   0.00000E+000   0.00000E+000   0.00000E+000   0.00000E+000   0.00000E+000
   0.57650E+002   0.00000E+000   0.00000E+000   0.00000E+000   0.00000E+000   0.00000E+000
