     # position        density    temperature             vx             vy             vz
   0.50000E-001   0.00000E+000   0.00000E+000   0.00000E+000   0.00000E+000   0.00000E+000
   0.15000E+000   0.00000E+000   0.00000E+000   0.00000E+000   0.00000E+000   0.00000E+000
   0.25000E+000   0.00000E+000   0.00000E+000   0.00000E+000   0.00000E+000   0.00000E+000
   0.35000E+000   0.00000E+000   0.00000E+000   0.00000E+000   0.00000E+000   0.00000E+000
   0.45000E+000   0.00000E+000   0.00000E+000   0.00000E+000   0.00000E+000   0.00000E+000
   0.55000E+000   0.00000E+000   0.00000E+000   0.00000E+000   0.00000E+000   0.00000E+000
   0.65000E+000   0.00000E+000   0.00000E+000   0.00000E+000   0.00000E+000   0.00000E+000
   0.75000E+000   0.00000E+000   0.00000E+000   0.00000E+000   0.00000E+000   0.00000E+000
   0.85000E+000   0.00000E+000   0.00000E+000   0.00000E+000   0.00000E+000   0.00000E+000
   0.95000E+000   0.00000E+000   0.00000E+000   0.00000E+000   0.00000E+000   0.00000E+000
   0.10500E+001   0.00000E+000   0.00000E+000   0.00000E+000   0.00000E+000   0.00000E+000
   0.11500E+001   0.00000E+000   0.00000E+000   0.00000E+000   0.00000E+000   0.00000E+000
   0.12500E+001   0.00000E+000   0.00000E+000   0.00000E+000   0.00000E+000   0.00000E+000
   0.13500E+001   0.00000E+000   0.00000E+000   0.00000E+000   0.00000E+000   0.00000E+000
   0.14500E+001   0.00000E+000   0.00000E+000   0.00000E+000   0.00000E+000   0.00000E+000
   0.15500E+001   0.00000E+000   0.00000E+000   0.00000E+000   0.00000E+000   0.00000E+000
   0.16500E+001   0.00000E+000   0.00000E+000   0.00000E+000   0.00000E+000   0.00000E+000
   0.17500E+001   0.00000E+000   0.00000E+000   0.00000E+000   0.00000E+000   0.00000E+000
   0.18500E+001   0.00000E+000   0.00000E+000   0.00000E+000   0.00000E+000   0.00000E+000
   0.19500E+001   0.00000E+000   0.00000E+000   0.00000E+000   0.00000E+000   0.00000E+000
   0.20500E+001   0.00000E+000   0.00000E+000   0.00000E+000   0.00000E+000   0.00000E+000
   0.21500E+001   0.00000E+000   0.00000E+000   0.00000E+000   0.00000E+000   0.00000E+000
   0.22500E+001   0.00000E+000   0.00000E+000   0.00000E+000   0.00000E+000   0.00000E+000
   0.23500E+001   0.00000E+000   0.00000E+000   0.00000E+000   0.00000E+000   0.00000E+000
   0.24500E+001   0.00000E+000   0.00000E+000   0.00000E+000   0.00000E+000   0.00000E+000
   0.25500E+001   0.00000E+000   0.00000E+000   0.00000E+000   0.00000E+000   0.00000E+000
   0.26500E+001   0.00000E+000   0.00000E+000   0.00000E+000   0.00000E+000   0.00000E+000
   0.27500E+001   0.00000E+000   0.00000E+000   0.00000E+000   0.00000E+000   0.00000E+000
   0.28500E+001   0.00000E+000   0.00000E+000   0.00000E+000   0.00000E+000   0.00000E+000
   0.29500E+001   0.00000E+000   0.00000E+000   0.00000E+000   0.00000E+000   0.00000E+000
   0.30500E+001   0.00000E+000   0.00000E+000   0.00000E+000   0.00000E+000   0.00000E+000
   0.31500E+001   0.00000E+000   0.00000E+000   0.00000E+000   0.00000E+000   0.00000E+000
   0.32500E+001   0.00000E+000   0.00000E+000   0.00000E+000   0.00000E+000   0.00000E+000
   0.33500E+001   0.00000E+000   0.00000E+000   0.00000E+000   0.00000E+000   0.00000E+000
   0.34500E+001   0.00000E+000   0.00000E+000   0.00000E+000   0.00000E+000   0.00000E+000
   0.35500E+001   0.00000E+000   0.00000E+000   0.00000E+000   0.00000E+000   0.00000E+000
   0.36500E+001   0.00000E+000   0.00000E+000   0.00000E+000   0.00000E+000   0.00000E+000
   0.37500E+001   0.00000E+000   0.00000E+000   0.00000E+000   0.00000E+000   0.00000E+000
   0.38500E+001   0.00000E+000   0.00000E+000   0.00000E+000   0.00000E+000   0.00000E+000
   0.39500E+001   0.00000E+000   0.00000E+000   0.00000E+000   0.00000E+000   0.00000E+000
   0.40500E+001   0.00000E+000   0.00000E+000   0.00000E+000   0.00000E+000   0.00000E+000
   0.41500E+001   0.00000E+000   0.00000E+000   0.00000E+000   0.00000E+000   0.00000E+000
   0.42500E+001   0.00000E+000   0.00000E+000   0.00000E+000   0.00000E+000   0.00000E+000
   0.43500E+001   0.00000E+000   0.00000E+000   0.00000E+000   0.00000E+000   0.00000E+000
   0.44500E+001   0.00000E+000   0.00000E+000   0.00000E+000   0.00000E+000   0.00000E+000
   0.45500E+001   0.00000E+000   0.00000E+000   0.00000E+000   0.00000E+000   0.00000E+000
   0.46500E+001   0.00000E+000   0.00000E+000   0.00000E+000   0.00000E+000   0.00000E+000
   0.47500E+001   0.00000E+000   0.00000E+000   0.00000E+000   0.00000E+000   0.00000E+000
   0.48500E+001   0.00000E+000   0.00000E+000   0.00000E+000   0.00000E+000   0.00000E+000
   0.49500E+001   0.00000E+000   0.00000E+000   0.00000E+000   0.00000E+000   0.00000E+000
   0.50500E+001   0.00000E+000   0.00000E+000   0.00000E+000   0.00000E+000   0.00000E+000
   0.51500E+001   0.00000E+000   0.00000E+000   0.00000E+000   0.00000E+000   0.00000E+000
   0.52500E+001   0.00000E+000   0.00000E+000   0.00000E+000   0.00000E+000   0.00000E+000
   0.53500E+001   0.00000E+000   0.00000E+000   0.00000E+000   0.00000E+000   0.00000E+000
   0.54500E+001   0.00000E+000   0.00000E+000   0.00000E+000   0.00000E+000   0.00000E+000
   0.55500E+001   0.00000E+000   0.00000E+000   0.00000E+000   0.00000E+000   0.00000E+000
   0.56500E+001   0.00000E+000   0.00000E+000   0.00000E+000   0.00000E+000   0.00000E+000
   0.57500E+001   0.00000E+000   0.00000E+000   0.00000E+000   0.00000E+000   0.00000E+000
   0.58500E+001   0.00000E+000   0.00000E+000   0.00000E+000   0.00000E+000   0.00000E+000
   0.59500E+001   0.00000E+000   0.00000E+000   0.00000E+000   0.00000E+000   0.00000E+000
   0.60500E+001   0.00000E+000   0.00000E+000   0.00000E+000   0.00000E+000   0.00000E+000
   0.61500E+001   0.00000E+000   0.00000E+000   0.00000E+000   0.00000E+000   0.00000E+000
   0.62500E+001   0.00000E+000   0.00000E+000   0.00000E+000   0.00000E+000   0.00000E+000
   0.63500E+001   0.00000E+000   0.00000E+000   0.00000E+000   0.00000E+000   0.00000E+000
   0.64500E+001   0.00000E+000   0.00000E+000   0.00000E+000   0.00000E+000   0.00000E+000
   0.65500E+001   0.00000E+000   0.00000E+000   0.00000E+000   0.00000E+000   0.00000E+000
   0.66500E+001   0.00000E+000   0.00000E+000   0.00000E+000   0.00000E+000   0.00000E+000
   0.67500E+001   0.00000E+000   0.00000E+000   0.00000E+000   0.00000E+000   0.00000E+000
   0.68500E+001   0.00000E+000   0.00000E+000   0.00000E+000   0.00000E+000   0.00000E+000
   0.69500E+001   0.00000E+000   0.00000E+000   0.00000E+000   0.00000E+000   0.00000E+000
   0.70500E+001   0.00000E+000   0.00000E+000   0.00000E+000   0.00000E+000   0.00000E+000
   0.71500E+001   0.00000E+000   0.00000E+000   0.00000E+000   0.00000E+000   0.00000E+000
   0.72500E+001   0.00000E+000   0.00000E+000   0.00000E+000   0.00000E+000   0.00000E+000
   0.73500E+001   0.00000E+000   0.00000E+000   0.00000E+000   0.00000E+000   0.00000E+000
   0.74500E+001   0.00000E+000   0.00000E+000   0.00000E+000   0.00000E+000   0.00000E+000
   0.75500E+001   0.00000E+000   0.00000E+000   0.00000E+000   0.00000E+000   0.00000E+000
   0.76500E+001   0.00000E+000   0.00000E+000   0.00000E+000   0.00000E+000   0.00000E+000
   0.77500E+001   0.00000E+000   0.00000E+000   0.00000E+000   0.00000E+000   0.00000E+000
   0.78500E+001   0.00000E+000   0.00000E+000   0.00000E+000   0.00000E+000   0.00000E+000
   0.79500E+001   0.00000E+000   0.00000E+000   0.00000E+000   0.00000E+000   0.00000E+000
   0.80500E+001   0.00000E+000   0.00000E+000   0.00000E+000   0.00000E+000   0.00000E+000
   0.81500E+001   0.88277E-007   0.70560E+000   0.18705E+000  -0.20901E+000  -0.62912E-001
   0.82500E+001   0.70164E-003   0.82683E+000  -0.29189E-002   0.87861E-003   0.14896E-002
   0.83500E+001   0.28929E-001   0.82695E+000   0.51013E-003   0.16945E-002  -0.85858E-004
   0.84500E+001   0.90823E-001   0.82729E+000  -0.30228E-003   0.14495E-002   0.77798E-004
   0.85500E+001   0.79114E-001   0.82708E+000  -0.73050E-003   0.11061E-002  -0.37335E-004
   0.86500E+001   0.47503E-001   0.82656E+000  -0.41234E-003   0.13302E-002  -0.54150E-004
   0.87500E+001   0.29802E-001   0.82724E+000  -0.12089E-002   0.11614E-002  -0.22880E-004
   0.88500E+001   0.21788E-001   0.82734E+000  -0.50350E-003   0.14316E-002   0.73539E-004
   0.89500E+001   0.18767E-001   0.82642E+000  -0.56839E-003   0.12604E-002   0.60526E-004
   0.90500E+001   0.18981E-001   0.82665E+000  -0.17749E-002   0.18090E-002  -0.85182E-004
   0.91500E+001   0.22573E-001   0.82665E+000   0.52280E-004   0.15256E-002   0.21936E-004
   0.92500E+001   0.31510E-001   0.82696E+000  -0.10151E-002   0.17403E-002  -0.31086E-004
   0.93500E+001   0.45715E-001   0.82777E+000  -0.82671E-003   0.15717E-002  -0.25060E-005
   0.94500E+001   0.55142E-001   0.82694E+000  -0.35337E-003   0.68471E-003   0.14605E-004
   0.95500E+001   0.52183E-001   0.82665E+000  -0.10169E-002   0.35492E-003   0.72352E-004
   0.96500E+001   0.42924E-001   0.82691E+000  -0.10440E-002   0.10091E-002  -0.14923E-003
   0.97500E+001   0.34733E-001   0.82685E+000  -0.85456E-003   0.15202E-002   0.59799E-004
   0.98500E+001   0.29857E-001   0.82660E+000   0.18756E-003   0.52510E-003  -0.11358E-003
   0.99500E+001   0.28179E-001   0.82694E+000  -0.14609E-003   0.60774E-004   0.96905E-004
   0.10050E+002   0.29356E-001   0.82721E+000   0.65165E-003   0.19957E-002   0.13743E-003
   0.10150E+002   0.33076E-001   0.82711E+000  -0.47658E-004   0.25018E-002  -0.13599E-003
   0.10250E+002   0.38548E-001   0.82781E+000  -0.12800E-002   0.10697E-002   0.60611E-004
   0.10350E+002   0.43389E-001   0.82750E+000  -0.36519E-003   0.10500E-002   0.70590E-004
   0.10450E+002   0.45044E-001   0.82676E+000   0.10815E-003   0.15087E-002  -0.97416E-004
   0.10550E+002   0.43042E-001   0.82725E+000  -0.73339E-003   0.86725E-003  -0.18251E-004
   0.10650E+002   0.39332E-001   0.82750E+000  -0.14660E-002   0.56746E-003   0.10485E-003
   0.10750E+002   0.35857E-001   0.82724E+000  -0.12476E-003   0.23016E-003  -0.89583E-004
   0.10850E+002   0.33734E-001   0.82703E+000  -0.52415E-003   0.20671E-002  -0.55830E-004
   0.10950E+002   0.33322E-001   0.82750E+000   0.36495E-004   0.17925E-002   0.41977E-004
   0.11050E+002   0.34529E-001   0.82715E+000  -0.57298E-003   0.11376E-002   0.56214E-004
   0.11150E+002   0.36782E-001   0.82730E+000  -0.11140E-002   0.57997E-003   0.15112E-004
   0.11250E+002   0.39232E-001   0.82710E+000  -0.11655E-003   0.13871E-002   0.10334E-004
   0.11350E+002   0.40839E-001   0.82670E+000   0.16522E-003   0.98778E-003  -0.42594E-005
   0.11450E+002   0.40843E-001   0.82745E+000  -0.14614E-003   0.11748E-002   0.59734E-004
   0.11550E+002   0.39630E-001   0.82722E+000   0.33267E-003  -0.70379E-004  -0.23374E-003
   0.11650E+002   0.37990E-001   0.82753E+000  -0.49244E-004  -0.92206E-003   0.19640E-003
   0.11750E+002   0.36597E-001   0.82742E+000  -0.11496E-002   0.66805E-004   0.61529E-004
   0.11850E+002   0.35831E-001   0.82749E+000   0.24769E-003   0.51608E-003  -0.50567E-004
   0.11950E+002   0.35883E-001   0.82759E+000   0.12943E-002   0.48205E-003  -0.83166E-005
   0.12050E+002   0.36657E-001   0.82755E+000  -0.49795E-003  -0.68045E-003  -0.70667E-004
   0.12150E+002   0.37757E-001   0.82749E+000   0.40345E-003  -0.33888E-003   0.28600E-004
   0.12250E+002   0.38804E-001   0.82762E+000  -0.11187E-002   0.40687E-003   0.23002E-004
   0.12350E+002   0.39267E-001   0.82763E+000  -0.15063E-002   0.42377E-003   0.90771E-004
   0.12450E+002   0.39078E-001   0.82767E+000  -0.83321E-003  -0.56286E-003   0.88845E-004
   0.12550E+002   0.38401E-001   0.82834E+000   0.82564E-004   0.53126E-003  -0.16469E-003
   0.12650E+002   0.37677E-001   0.82716E+000  -0.77396E-003   0.36837E-003   0.62946E-004
   0.12750E+002   0.37071E-001   0.82731E+000  -0.60913E-003   0.70304E-003   0.57191E-004
   0.12850E+002   0.36893E-001   0.82663E+000  -0.89861E-003   0.97498E-003  -0.12546E-003
   0.12950E+002   0.37033E-001   0.82759E+000  -0.11468E-002  -0.37146E-003  -0.19188E-004
   0.13050E+002   0.37470E-001   0.82749E+000  -0.53771E-003   0.61538E-003  -0.38205E-004
   0.13150E+002   0.38020E-001   0.82755E+000  -0.67768E-003   0.17166E-003   0.83462E-004
   0.13250E+002   0.38375E-001   0.82708E+000  -0.50296E-003   0.58992E-003  -0.14054E-004
   0.13350E+002   0.38517E-001   0.82753E+000  -0.39636E-003   0.93493E-003   0.17597E-004
   0.13450E+002   0.38291E-001   0.82746E+000   0.69674E-003   0.80171E-003   0.11213E-003
   0.13550E+002   0.37974E-001   0.82756E+000  -0.64870E-003   0.68286E-003  -0.48985E-004
   0.13650E+002   0.37607E-001   0.82795E+000  -0.21666E-003   0.73911E-003   0.21797E-004
   0.13750E+002   0.37414E-001   0.82722E+000   0.27644E-004   0.13496E-002  -0.13326E-004
   0.13850E+002   0.37369E-001   0.82806E+000   0.16482E-003  -0.20427E-004  -0.58183E-004
   0.13950E+002   0.37511E-001   0.82706E+000  -0.30092E-003   0.89151E-003  -0.13671E-003
   0.14050E+002   0.37802E-001   0.82717E+000   0.63463E-003  -0.20814E-004   0.11631E-003
   0.14150E+002   0.37990E-001   0.82746E+000   0.60055E-004   0.47465E-003   0.18221E-004
   0.14250E+002   0.38106E-001   0.82690E+000   0.15903E-003   0.12166E-003   0.77094E-004
   0.14350E+002   0.38088E-001   0.82771E+000   0.47418E-003   0.83899E-003  -0.39817E-004
   0.14450E+002   0.37966E-001   0.82746E+000   0.16062E-002   0.90639E-003  -0.16536E-003
   0.14550E+002   0.37864E-001   0.82776E+000   0.71352E-003   0.17496E-003   0.11683E-003
   0.14650E+002   0.37684E-001   0.82805E+000  -0.34218E-004   0.59400E-003   0.93490E-004
   0.14750E+002   0.37659E-001   0.82733E+000  -0.69961E-003   0.37022E-003  -0.10508E-003
   0.14850E+002   0.37626E-001   0.82745E+000  -0.52068E-003   0.23364E-003   0.15377E-003
   0.14950E+002   0.37746E-001   0.82714E+000   0.24171E-003   0.32148E-003   0.13707E-003
   0.15050E+002   0.37878E-001   0.82720E+000   0.53930E-003   0.13953E-002  -0.12535E-003
   0.15150E+002   0.37939E-001   0.82770E+000   0.98229E-003   0.11624E-002  -0.10458E-003
   0.15250E+002   0.37968E-001   0.82714E+000   0.94619E-003   0.42707E-004   0.10720E-003
   0.15350E+002   0.37907E-001   0.82720E+000   0.55649E-003   0.45118E-003  -0.16562E-003
   0.15450E+002   0.37849E-001   0.82699E+000   0.13131E-002   0.23481E-003   0.19812E-003
   0.15550E+002   0.37745E-001   0.82732E+000   0.72943E-003  -0.13198E-003  -0.43312E-005
   0.15650E+002   0.37711E-001   0.82774E+000   0.74037E-003   0.13814E-002  -0.13922E-003
   0.15750E+002   0.37764E-001   0.82754E+000  -0.18173E-003   0.68175E-003   0.47710E-004
   0.15850E+002   0.37789E-001   0.82767E+000   0.58047E-003   0.85692E-003   0.89809E-004
   0.15950E+002   0.37829E-001   0.82774E+000   0.10168E-002   0.73215E-003   0.97921E-005
   0.16050E+002   0.37885E-001   0.82772E+000   0.10286E-002   0.59795E-003  -0.56719E-004
   0.16150E+002   0.37911E-001   0.82783E+000   0.37921E-003   0.84463E-003  -0.28514E-004
   0.16250E+002   0.37876E-001   0.82709E+000   0.58157E-003   0.13487E-002   0.12567E-004
   0.16350E+002   0.37835E-001   0.82728E+000   0.58742E-003   0.53634E-003   0.71608E-004
   0.16450E+002   0.37763E-001   0.82752E+000   0.48865E-003   0.40053E-003  -0.65695E-004
   0.16550E+002   0.37766E-001   0.82738E+000   0.11965E-002   0.12183E-002   0.27801E-004
   0.16650E+002   0.37785E-001   0.82770E+000   0.49377E-003   0.10513E-002   0.84216E-004
   0.16750E+002   0.37823E-001   0.82753E+000   0.70608E-003   0.55836E-003  -0.10341E-003
   0.16850E+002   0.37854E-001   0.82710E+000   0.41207E-003   0.13318E-002   0.13324E-003
   0.16950E+002   0.37843E-001   0.82784E+000   0.90065E-003   0.76596E-003  -0.15667E-003
   0.17050E+002   0.37861E-001   0.82737E+000   0.16927E-002   0.12338E-002   0.20154E-003
   0.17150E+002   0.37846E-001   0.82719E+000   0.13144E-002   0.98115E-003  -0.14851E-003
   0.17250E+002   0.37826E-001   0.82778E+000   0.25439E-003   0.19773E-002  -0.92595E-004
   0.17350E+002   0.37792E-001   0.82777E+000   0.13068E-002   0.10542E-002   0.62551E-004
   0.17450E+002   0.37762E-001   0.82817E+000   0.15367E-002   0.54077E-003  -0.36836E-004
   0.17550E+002   0.37747E-001   0.82708E+000   0.24884E-002  -0.82526E-004   0.49127E-004
   0.17650E+002   0.37814E-001   0.82708E+000   0.21172E-002   0.81253E-003   0.62715E-004
   0.17750E+002   0.37834E-001   0.82739E+000   0.15699E-002  -0.38821E-003  -0.14103E-003
   0.17850E+002   0.37817E-001   0.82796E+000   0.11484E-002   0.10081E-002   0.10509E-003
   0.17950E+002   0.37848E-001   0.82685E+000   0.74290E-003   0.68968E-003  -0.55857E-004
   0.18050E+002   0.37871E-001   0.82660E+000   0.10567E-002   0.25605E-003   0.18522E-003
   0.18150E+002   0.37837E-001   0.82700E+000   0.10016E-002   0.28733E-003   0.37581E-004
   0.18250E+002   0.37816E-001   0.82725E+000   0.96897E-003   0.56374E-003  -0.53482E-005
   0.18350E+002   0.37826E-001   0.82781E+000   0.63049E-003   0.99670E-004  -0.41544E-003
   0.18450E+002   0.37790E-001   0.82784E+000   0.57716E-003   0.11058E-002   0.31830E-003
   0.18550E+002   0.37771E-001   0.82777E+000   0.13572E-002   0.85397E-003   0.83183E-004
   0.18650E+002   0.37769E-001   0.82779E+000   0.11967E-002   0.10973E-002  -0.20677E-003
   0.18750E+002   0.37813E-001   0.82810E+000   0.12160E-002   0.40090E-003   0.22722E-003
   0.18850E+002   0.37872E-001   0.82783E+000   0.74349E-003   0.76312E-003   0.95059E-004
   0.18950E+002   0.37836E-001   0.82729E+000   0.82542E-003   0.11372E-002  -0.33898E-003
   0.19050E+002   0.37833E-001   0.82784E+000   0.94482E-003   0.98388E-003   0.12743E-003
   0.19150E+002   0.37814E-001   0.82802E+000   0.14059E-002   0.53853E-003  -0.60895E-004
   0.19250E+002   0.37825E-001   0.82812E+000   0.84487E-003   0.46756E-003  -0.18338E-004
   0.19350E+002   0.37813E-001   0.82767E+000   0.12473E-002   0.10680E-002   0.13169E-003
   0.19450E+002   0.37779E-001   0.82842E+000   0.12280E-002   0.10890E-002  -0.33304E-005
   0.19550E+002   0.37781E-001   0.82806E+000   0.52901E-003   0.16156E-003   0.41784E-004
   0.19650E+002   0.37786E-001   0.82834E+000   0.17194E-002   0.11171E-002   0.16430E-003
   0.19750E+002   0.37765E-001   0.82861E+000   0.10704E-002   0.15268E-002  -0.29429E-004
   0.19850E+002   0.37809E-001   0.82819E+000   0.26773E-003   0.25179E-002  -0.18307E-003
   0.19950E+002   0.37858E-001   0.82776E+000   0.62505E-003   0.91323E-003   0.75244E-004
   0.20050E+002   0.37898E-001   0.82746E+000   0.11660E-003   0.12704E-002  -0.15047E-003
   0.20150E+002   0.37871E-001   0.82756E+000   0.14150E-002   0.21084E-002   0.83464E-004
   0.20250E+002   0.37785E-001   0.82765E+000   0.33588E-003   0.21735E-002  -0.10708E-004
   0.20350E+002   0.37735E-001   0.82730E+000   0.86934E-003   0.20451E-002   0.32207E-004
   0.20450E+002   0.37727E-001   0.82810E+000   0.25758E-003   0.24815E-002  -0.37695E-005
   0.20550E+002   0.37789E-001   0.82764E+000   0.58627E-003   0.11857E-002  -0.36974E-004
   0.20650E+002   0.37783E-001   0.82746E+000  -0.53070E-003   0.18482E-002  -0.56661E-004
   0.20750E+002   0.37795E-001   0.82749E+000   0.44889E-003   0.11052E-002   0.20690E-003
   0.20850E+002   0.37838E-001   0.82732E+000  -0.16617E-003   0.14712E-002  -0.27428E-004
   0.20950E+002   0.37902E-001   0.82731E+000   0.74534E-003   0.14879E-002  -0.19862E-003
   0.21050E+002   0.37885E-001   0.82722E+000   0.50379E-003   0.97255E-003   0.46805E-004
   0.21150E+002   0.37810E-001   0.82725E+000   0.74576E-003   0.16519E-002   0.28820E-004
   0.21250E+002   0.37772E-001   0.82783E+000  -0.76501E-004   0.15051E-002   0.14030E-003
   0.21350E+002   0.37761E-001   0.82765E+000  -0.91539E-004   0.10372E-002  -0.13418E-003
   0.21450E+002   0.37771E-001   0.82785E+000   0.22376E-003   0.15864E-002   0.46523E-004
   0.21550E+002   0.37812E-001   0.82746E+000   0.13860E-002   0.16525E-002   0.14239E-003
   0.21650E+002   0.37824E-001   0.82782E+000   0.24913E-003   0.17677E-002  -0.18441E-003
   0.21750E+002   0.37852E-001   0.82797E+000   0.59692E-003   0.16702E-002   0.71247E-004
   0.21850E+002   0.37885E-001   0.82722E+000   0.61378E-003   0.15133E-002   0.11464E-003
   0.21950E+002   0.37865E-001   0.82799E+000   0.23507E-003   0.11107E-002  -0.59324E-004
   0.22050E+002   0.37814E-001   0.82791E+000  -0.15816E-004   0.19661E-002   0.21891E-004
   0.22150E+002   0.37799E-001   0.82800E+000   0.36781E-003   0.13910E-002  -0.98211E-004
   0.22250E+002   0.37792E-001   0.82739E+000   0.11825E-002   0.20276E-002  -0.75442E-004
   0.22350E+002   0.37754E-001   0.82768E+000   0.10883E-002   0.23561E-002   0.10932E-003
   0.22450E+002   0.37788E-001   0.82800E+000   0.16844E-002   0.19222E-002   0.96738E-004
   0.22550E+002   0.37851E-001   0.82689E+000   0.17270E-002   0.87191E-003  -0.12525E-003
   0.22650E+002   0.37874E-001   0.82772E+000   0.14137E-002   0.16613E-003   0.11749E-003
   0.22750E+002   0.37836E-001   0.82773E+000   0.79291E-003   0.80199E-003  -0.97748E-004
   0.22850E+002   0.37862E-001   0.82722E+000   0.14370E-002   0.13947E-002   0.12570E-003
   0.22950E+002   0.37824E-001   0.82695E+000   0.15037E-002   0.16457E-002  -0.11464E-003
   0.23050E+002   0.37800E-001   0.82752E+000   0.14212E-002   0.19604E-002   0.53026E-004
   0.23150E+002   0.37797E-001   0.82756E+000   0.71634E-003   0.16707E-002  -0.14425E-003
   0.23250E+002   0.37810E-001   0.82674E+000   0.60931E-003   0.91135E-003   0.22926E-003
   0.23350E+002   0.37844E-001   0.82739E+000   0.78802E-003   0.13620E-002   0.11672E-003
   0.23450E+002   0.37855E-001   0.82734E+000   0.21936E-002   0.10737E-002  -0.27597E-003
   0.23550E+002   0.37854E-001   0.82716E+000   0.54570E-003   0.10968E-002   0.85026E-004
   0.23650E+002   0.37792E-001   0.82770E+000   0.79497E-003   0.41865E-003  -0.54942E-004
   0.23750E+002   0.37785E-001   0.82719E+000   0.25523E-003   0.72548E-003   0.39336E-004
   0.23850E+002   0.37818E-001   0.82757E+000   0.67956E-003   0.11205E-002   0.33822E-004
   0.23950E+002   0.37834E-001   0.82781E+000   0.14498E-002   0.12297E-002   0.12749E-003
   0.24050E+002   0.37893E-001   0.82796E+000   0.12997E-002   0.10411E-002  -0.15142E-003
   0.24150E+002   0.37870E-001   0.82703E+000   0.16055E-002   0.80753E-004  -0.30948E-004
   0.24250E+002   0.37832E-001   0.82733E+000   0.20606E-002   0.28652E-003   0.74294E-004
   0.24350E+002   0.37818E-001   0.82736E+000   0.10080E-002   0.84905E-003   0.14946E-003
   0.24450E+002   0.37799E-001   0.82762E+000   0.11571E-002   0.71824E-003  -0.66066E-004
   0.24550E+002   0.37763E-001   0.82742E+000   0.15393E-002   0.49967E-004  -0.12657E-003
   0.24650E+002   0.37789E-001   0.82681E+000   0.11356E-002   0.17902E-002   0.16946E-004
   0.24750E+002   0.37795E-001   0.82715E+000   0.54907E-003   0.10984E-002   0.10823E-003
   0.24850E+002   0.37868E-001   0.82762E+000   0.11474E-002   0.24197E-003   0.20909E-004
   0.24950E+002   0.37846E-001   0.82804E+000   0.10178E-002   0.15472E-003  -0.58173E-004
   0.25050E+002   0.37901E-001   0.82786E+000   0.65495E-003   0.77014E-003  -0.97863E-005
   0.25150E+002   0.37872E-001   0.82751E+000   0.59055E-003   0.12320E-002  -0.54125E-004
   0.25250E+002   0.37844E-001   0.82710E+000   0.10504E-002   0.85687E-003   0.14335E-003
   0.25350E+002   0.37769E-001   0.82766E+000   0.73092E-003   0.69319E-003  -0.50166E-004
   0.25450E+002   0.37786E-001   0.82711E+000   0.14716E-002   0.19182E-002   0.58235E-004
   0.25550E+002   0.37738E-001   0.82764E+000   0.10074E-002   0.11656E-002  -0.12939E-004
   0.25650E+002   0.37753E-001   0.82815E+000   0.18163E-002  -0.29728E-003   0.10643E-003
   0.25750E+002   0.37790E-001   0.82744E+000   0.16659E-002   0.69953E-003  -0.96814E-004
   0.25850E+002   0.37872E-001   0.82749E+000   0.11278E-002   0.38686E-003  -0.10442E-003
   0.25950E+002   0.37930E-001   0.82794E+000   0.18276E-002   0.84506E-003   0.12835E-003
   0.26050E+002   0.37932E-001   0.82785E+000   0.19745E-002   0.21804E-003   0.68549E-004
   0.26150E+002   0.37957E-001   0.82694E+000   0.19820E-002   0.10812E-002  -0.13073E-003
   0.26250E+002   0.37877E-001   0.82744E+000   0.13779E-002   0.17138E-002   0.54268E-004
   0.26350E+002   0.37704E-001   0.82822E+000   0.87605E-003   0.11540E-002   0.36984E-004
   0.26450E+002   0.37615E-001   0.82867E+000   0.11107E-002   0.21266E-003   0.57863E-004
   0.26550E+002   0.37636E-001   0.82764E+000   0.20155E-002   0.19147E-003  -0.14999E-003
   0.26650E+002   0.37688E-001   0.82753E+000   0.18446E-002  -0.17215E-003   0.50395E-004
   0.26750E+002   0.37763E-001   0.82779E+000   0.12058E-002   0.52734E-004   0.22412E-004
   0.26850E+002   0.37983E-001   0.82716E+000   0.11638E-002   0.74118E-003  -0.30953E-004
   0.26950E+002   0.38114E-001   0.82767E+000   0.13241E-002   0.40982E-003  -0.82305E-004
   0.27050E+002   0.38093E-001   0.82812E+000   0.61840E-003   0.47856E-003   0.13876E-003
   0.27150E+002   0.37950E-001   0.82787E+000   0.12112E-002   0.84422E-003   0.78749E-004
   0.27250E+002   0.37764E-001   0.82731E+000   0.11260E-002   0.18483E-003  -0.12712E-004
   0.27350E+002   0.37577E-001   0.82771E+000   0.16105E-002  -0.18219E-003   0.49057E-004
   0.27450E+002   0.37396E-001   0.82805E+000   0.19198E-002  -0.21934E-003  -0.10053E-003
   0.27550E+002   0.37392E-001   0.82762E+000   0.49418E-003  -0.35056E-003  -0.55603E-004
   0.27650E+002   0.37579E-001   0.82807E+000  -0.32558E-003  -0.29604E-003   0.12534E-003
   0.27750E+002   0.37890E-001   0.82792E+000   0.12265E-003   0.89000E-004  -0.98562E-004
   0.27850E+002   0.38230E-001   0.82790E+000   0.84896E-003  -0.87007E-004   0.16664E-004
   0.27950E+002   0.38427E-001   0.82814E+000  -0.29019E-004   0.49469E-003   0.38141E-004
   0.28050E+002   0.38447E-001   0.82804E+000  -0.90179E-004  -0.72845E-004  -0.82504E-004
   0.28150E+002   0.38020E-001   0.82849E+000   0.79250E-003  -0.85189E-003   0.13435E-003
   0.28250E+002   0.37559E-001   0.82796E+000   0.96781E-003  -0.70714E-003  -0.89593E-004
   0.28350E+002   0.37109E-001   0.82850E+000   0.14511E-003  -0.13474E-002   0.32734E-005
   0.28450E+002   0.36847E-001   0.82829E+000  -0.15711E-003  -0.21067E-003   0.16107E-003
   0.28550E+002   0.36944E-001   0.82799E+000  -0.51322E-003  -0.34068E-003  -0.27677E-003
   0.28650E+002   0.37488E-001   0.82857E+000   0.47090E-003  -0.10095E-002   0.89840E-004
   0.28750E+002   0.38238E-001   0.82806E+000   0.57098E-003  -0.13177E-002   0.71516E-004
   0.28850E+002   0.38904E-001   0.82825E+000   0.32693E-003  -0.73398E-003   0.65709E-004
   0.28950E+002   0.39188E-001   0.82852E+000   0.74075E-003   0.92585E-004  -0.13857E-003
   0.29050E+002   0.38944E-001   0.82779E+000   0.93174E-003  -0.44146E-003   0.15266E-003
   0.29150E+002   0.38027E-001   0.82778E+000   0.71299E-003  -0.10853E-002  -0.18211E-003
   0.29250E+002   0.36934E-001   0.82816E+000   0.52241E-003  -0.52483E-003  -0.33063E-004
   0.29350E+002   0.35970E-001   0.82838E+000  -0.21976E-003  -0.15163E-003   0.16069E-003
   0.29450E+002   0.35734E-001   0.82796E+000  -0.11428E-003  -0.69986E-003   0.10886E-003
   0.29550E+002   0.36285E-001   0.82772E+000  -0.11222E-005   0.27473E-003  -0.76080E-005
   0.29650E+002   0.37599E-001   0.82795E+000  -0.46828E-003   0.22700E-003  -0.11223E-003
   0.29750E+002   0.39236E-001   0.82871E+000  -0.21697E-003  -0.16034E-003  -0.12029E-004
   0.29850E+002   0.40606E-001   0.82872E+000  -0.99497E-003   0.34955E-003  -0.52295E-004
   0.29950E+002   0.40891E-001   0.82843E+000  -0.20514E-003  -0.65592E-004   0.58583E-004
   0.30050E+002   0.39659E-001   0.82794E+000   0.60845E-003  -0.35589E-003  -0.13351E-003
   0.30150E+002   0.37367E-001   0.82804E+000  -0.67984E-003   0.40353E-003   0.18027E-003
   0.30250E+002   0.34963E-001   0.82834E+000  -0.30289E-003   0.21216E-003  -0.11465E-005
   0.30350E+002   0.33502E-001   0.82789E+000  -0.15109E-003   0.13374E-002  -0.11385E-003
   0.30450E+002   0.33476E-001   0.82851E+000   0.57665E-003   0.11114E-002   0.75455E-004
   0.30550E+002   0.35221E-001   0.82853E+000  -0.23240E-003   0.99446E-003   0.62365E-004
   0.30650E+002   0.38384E-001   0.82910E+000  -0.50497E-003   0.39525E-003  -0.10500E-003
   0.30750E+002   0.42248E-001   0.82792E+000  -0.58255E-003   0.13125E-002   0.19028E-003
   0.30850E+002   0.44769E-001   0.82834E+000  -0.17735E-002  -0.38797E-004  -0.41082E-004
   0.30950E+002   0.43984E-001   0.82823E+000  -0.11092E-002   0.38002E-003   0.29002E-004
   0.31050E+002   0.39739E-001   0.82814E+000  -0.61176E-003  -0.49407E-003  -0.11929E-003
   0.31150E+002   0.34256E-001   0.82845E+000  -0.22587E-002   0.34987E-003  -0.89892E-004
   0.31250E+002   0.30070E-001   0.82856E+000  -0.67200E-003   0.90682E-005  -0.17643E-004
   0.31350E+002   0.28244E-001   0.82827E+000  -0.12027E-002   0.32982E-003   0.11399E-003
   0.31450E+002   0.29194E-001   0.82813E+000  -0.19273E-002   0.41088E-003   0.55686E-004
   0.31550E+002   0.33259E-001   0.82816E+000  -0.19622E-002  -0.70193E-003  -0.12091E-003
   0.31650E+002   0.40743E-001   0.82794E+000  -0.16008E-002   0.16708E-003  -0.56426E-004
   0.31750E+002   0.50103E-001   0.82814E+000  -0.12234E-002   0.65467E-003   0.44284E-005
   0.31850E+002   0.55317E-001   0.82829E+000  -0.80429E-003   0.89957E-003  -0.89655E-005
   0.31950E+002   0.48753E-001   0.82822E+000  -0.13808E-002   0.19495E-003   0.10882E-004
   0.32050E+002   0.34448E-001   0.82781E+000  -0.11760E-002   0.16641E-003  -0.35811E-004
   0.32150E+002   0.24069E-001   0.82802E+000  -0.36359E-003   0.79376E-003   0.11853E-003
   0.32250E+002   0.19452E-001   0.82768E+000  -0.92877E-003   0.55196E-003   0.45919E-004
   0.32350E+002   0.18535E-001   0.82823E+000  -0.97124E-003   0.79753E-004  -0.55482E-005
   0.32450E+002   0.20742E-001   0.82810E+000  -0.10761E-003  -0.77883E-003   0.12542E-003
   0.32550E+002   0.27296E-001   0.82828E+000  -0.61497E-003  -0.69974E-003  -0.84843E-004
   0.32650E+002   0.42154E-001   0.82809E+000   0.87632E-004  -0.59866E-003  -0.14515E-003
   0.32750E+002   0.70914E-001   0.82785E+000  -0.12409E-003   0.10558E-002   0.29096E-004
   0.32850E+002   0.94575E-001   0.82803E+000   0.23712E-003   0.16273E-003   0.67657E-004
   0.32950E+002   0.44799E-001   0.82775E+000  -0.60132E-005   0.18203E-003  -0.60875E-004
   0.33050E+002   0.23167E-002   0.82783E+000  -0.68303E-003   0.32345E-003  -0.14653E-003
   0.33150E+002   0.12359E-005   0.79738E+000   0.81297E-001  -0.19352E-001   0.14319E-001
   0.33250E+002   0.00000E+000   0.00000E+000   0.00000E+000   0.00000E+000   0.00000E+000
   0.33350E+002   0.00000E+000   0.00000E+000   0.00000E+000   0.00000E+000   0.00000E+000
   0.33450E+002   0.00000E+000   0.00000E+000   0.00000E+000   0.00000E+000   0.00000E+000
   0.33550E+002   0.00000E+000   0.00000E+000   0.00000E+000   0.00000E+000   0.00000E+000
   0.33650E+002   0.00000E+000   0.00000E+000   0.00000E+000   0.00000E+000   0.00000E+000
   0.33750E+002   0.00000E+000   0.00000E+000   0.00000E+000   0.00000E+000   0.00000E+000
   0.33850E+002   0.00000E+000   0.00000E+000   0.00000E+000   0.00000E+000   0.00000E+000
   0.33950E+002   0.00000E+000   0.00000E+000   0.00000E+000   0.00000E+000   0.00000E+000
   0.34050E+002   0.00000E+000   0.00000E+000   0.00000E+000   0.00000E+000   0.00000E+000
   0.34150E+002   0.00000E+000   0.00000E+000   0.00000E+000   0.00000E+000   0.00000E+000
   0.34250E+002   0.00000E+000   0.00000E+000   0.00000E+000   0.00000E+000   0.00000E+000
   0.34350E+002   0.00000E+000   0.00000E+000   0.00000E+000   0.00000E+000   0.00000E+000
   0.34450E+002   0.00000E+000   0.00000E+000   0.00000E+000   0.00000E+000   0.00000E+000
   0.34550E+002   0.00000E+000   0.00000E+000   0.00000E+000   0.00000E+000   0.00000E+000
   0.34650E+002   0.00000E+000   0.00000E+000   0.00000E+000   0.00000E+000   0.00000E+000
   0.34750E+002   0.00000E+000   0.00000E+000   0.00000E+000   0.00000E+000   0.00000E+000
   0.34850E+002   0.00000E+000   0.00000E+000   0.00000E+000   0.00000E+000   0.00000E+000
   0.34950E+002   0.00000E+000   0.00000E+000   0.00000E+000   0.00000E+000   0.00000E+000
   0.35050E+002   0.00000E+000   0.00000E+000   0.00000E+000   0.00000E+000   0.00000E+000
   0.35150E+002   0.00000E+000   0.00000E+000   0.00000E+000   0.00000E+000   0.00000E+000
   0.35250E+002   0.00000E+000   0.00000E+000   0.00000E+000   0.00000E+000   0.00000E+000
   0.35350E+002   0.00000E+000   0.00000E+000   0.00000E+000   0.00000E+000   0.00000E+000
   0.35450E+002   0.00000E+000   0.00000E+000   0.00000E+000   0.00000E+000   0.00000E+000
   0.35550E+002   0.00000E+000   0.00000E+000   0.00000E+000   0.00000E+000   0.00000E+000
   0.35650E+002   0.00000E+000   0.00000E+000   0.00000E+000   0.00000E+000   0.00000E+000
   0.35750E+002   0.00000E+000   0.00000E+000   0.00000E+000   0.00000E+000   0.00000E+000
   0.35850E+002   0.00000E+000   0.00000E+000   0.00000E+000   0.00000E+000   0.00000E+000
   0.35950E+002   0.00000E+000   0.00000E+000   0.00000E+000   0.00000E+000   0.00000E+000
   0.36050E+002   0.00000E+000   0.00000E+000   0.00000E+000   0.00000E+000   0.00000E+000
   0.36150E+002   0.00000E+000   0.00000E+000   0.00000E+000   0.00000E+000   0.00000E+000
   0.36250E+002   0.00000E+000   0.00000E+000   0.00000E+000   0.00000E+000   0.00000E+000
   0.36350E+002   0.00000E+000   0.00000E+000   0.00000E+000   0.00000E+000   0.00000E+000
   0.36450E+002   0.00000E+000   0.00000E+000   0.00000E+000   0.00000E+000   0.00000E+000
   0.36550E+002   0.00000E+000   0.00000E+000   0.00000E+000   0.00000E+000   0.00000E+000
   0.36650E+002   0.00000E+000   0.00000E+000   0.00000E+000   0.00000E+000   0.00000E+000
   0.36750E+002   0.00000E+000   0.00000E+000   0.00000E+000   0.00000E+000   0.00000E+000
   0.36850E+002   0.00000E+000   0.00000E+000   0.00000E+000   0.00000E+000   0.00000E+000
   0.36950E+002   0.00000E+000   0.00000E+000   0.00000E+000   0.00000E+000   0.00000E+000
   0.37050E+002   0.00000E+000   0.00000E+000   0.00000E+000   0.00000E+000   0.00000E+000
   0.37150E+002   0.00000E+000   0.00000E+000   0.00000E+000   0.00000E+000   0.00000E+000
   0.37250E+002   0.00000E+000   0.00000E+000   0.00000E+000   0.00000E+000   0.00000E+000
   0.37350E+002   0.00000E+000   0.00000E+000   0.00000E+000   0.00000E+000   0.00000E+000
   0.37450E+002   0.00000E+000   0.00000E+000   0.00000E+000   0.00000E+000   0.00000E+000
   0.37550E+002   0.00000E+000   0.00000E+000   0.00000E+000   0.00000E+000   0.00000E+000
   0.37650E+002   0.00000E+000   0.00000E+000   0.00000E+000   0.00000E+000   0.00000E+000
   0.37750E+002   0.00000E+000   0.00000E+000   0.00000E+000   0.00000E+000   0.00000E+000
   0.37850E+002   0.00000E+000   0.00000E+000   0.00000E+000   0.00000E+000   0.00000E+000
   0.37950E+002   0.00000E+000   0.00000E+000   0.00000E+000   0.00000E+000   0.00000E+000
   0.38050E+002   0.00000E+000   0.00000E+000   0.00000E+000   0.00000E+000   0.00000E+000
   0.38150E+002   0.00000E+000   0.00000E+000   0.00000E+000   0.00000E+000   0.00000E+000
   0.38250E+002   0.00000E+000   0.00000E+000   0.00000E+000   0.00000E+000   0.00000E+000
   0.38350E+002   0.00000E+000   0.00000E+000   0.00000E+000   0.00000E+000   0.00000E+000
   0.38450E+002   0.00000E+000   0.00000E+000   0.00000E+000   0.00000E+000   0.00000E+000
   0.38550E+002   0.00000E+000   0.00000E+000   0.00000E+000   0.00000E+000   0.00000E+000
   0.38650E+002   0.00000E+000   0.00000E+000   0.00000E+000   0.00000E+000   0.00000E+000
   0.38750E+002   0.00000E+000   0.00000E+000   0.00000E+000   0.00000E+000   0.00000E+000
   0.38850E+002   0.00000E+000   0.00000E+000   0.00000E+000   0.00000E+000   0.00000E+000
   0.38950E+002   0.00000E+000   0.00000E+000   0.00000E+000   0.00000E+000   0.00000E+000
   0.39050E+002   0.00000E+000   0.00000E+000   0.00000E+000   0.00000E+000   0.00000E+000
   0.39150E+002   0.00000E+000   0.00000E+000   0.00000E+000   0.00000E+000   0.00000E+000
   0.39250E+002   0.00000E+000   0.00000E+000   0.00000E+000   0.00000E+000   0.00000E+000
   0.39350E+002   0.00000E+000   0.00000E+000   0.00000E+000   0.00000E+000   0.00000E+000
   0.39450E+002   0.00000E+000   0.00000E+000   0.00000E+000   0.00000E+000   0.00000E+000
   0.39550E+002   0.00000E+000   0.00000E+000   0.00000E+000   0.00000E+000   0.00000E+000
   0.39650E+002   0.00000E+000   0.00000E+000   0.00000E+000   0.00000E+000   0.00000E+000
   0.39750E+002   0.00000E+000   0.00000E+000   0.00000E+000   0.00000E+000   0.00000E+000
   0.39850E+002   0.00000E+000   0.00000E+000   0.00000E+000   0.00000E+000   0.00000E+000
   0.39950E+002   0.00000E+000   0.00000E+000   0.00000E+000   0.00000E+000   0.00000E+000
   0.40050E+002   0.00000E+000   0.00000E+000   0.00000E+000   0.00000E+000   0.00000E+000
   0.40150E+002   0.00000E+000   0.00000E+000   0.00000E+000   0.00000E+000   0.00000E+000
   0.40250E+002   0.00000E+000   0.00000E+000   0.00000E+000   0.00000E+000   0.00000E+000
   0.40350E+002   0.00000E+000   0.00000E+000   0.00000E+000   0.00000E+000   0.00000E+000
   0.40450E+002   0.00000E+000   0.00000E+000   0.00000E+000   0.00000E+000   0.00000E+000
   0.40550E+002   0.00000E+000   0.00000E+000   0.00000E+000   0.00000E+000   0.00000E+000
   0.40650E+002   0.00000E+000   0.00000E+000   0.00000E+000   0.00000E+000   0.00000E+000
   0.40750E+002   0.00000E+000   0.00000E+000   0.00000E+000   0.00000E+000   0.00000E+000
   0.40850E+002   0.00000E+000   0.00000E+000   0.00000E+000   0.00000E+000   0.00000E+000
   0.40950E+002   0.00000E+000   0.00000E+000   0.00000E+000   0.00000E+000   0.00000E+000
   0.41050E+002   0.00000E+000   0.00000E+000   0.00000E+000   0.00000E+000   0.00000E+000
   0.41150E+002   0.00000E+000   0.00000E+000   0.00000E+000   0.00000E+000   0.00000E+000
   0.41250E+002   0.00000E+000   0.00000E+000   0.00000E+000   0.00000E+000   0.00000E+000
   0.41350E+002   0.00000E+000   0.00000E+000   0.00000E+000   0.00000E+000   0.00000E+000
   0.41450E+002   0.00000E+000   0.00000E+000   0.00000E+000   0.00000E+000   0.00000E+000
   0.41550E+002   0.00000E+000   0.00000E+000   0.00000E+000   0.00000E+000   0.00000E+000
   0.41650E+002   0.00000E+000   0.00000E+000   0.00000E+000   0.00000E+000   0.00000E+000
   0.41750E+002   0.00000E+000   0.00000E+000   0.00000E+000   0.00000E+000   0.00000E+000
   0.41850E+002   0.00000E+000   0.00000E+000   0.00000E+000   0.00000E+000   0.00000E+000
   0.41950E+002   0.00000E+000   0.00000E+000   0.00000E+000   0.00000E+000   0.00000E+000
   0.42050E+002   0.00000E+000   0.00000E+000   0.00000E+000   0.00000E+000   0.00000E+000
   0.42150E+002   0.00000E+000   0.00000E+000   0.00000E+000   0.00000E+000   0.00000E+000
   0.42250E+002   0.00000E+000   0.00000E+000   0.00000E+000   0.00000E+000   0.00000E+000
   0.42350E+002   0.00000E+000   0.00000E+000   0.00000E+000   0.00000E+000   0.00000E+000
   0.42450E+002   0.00000E+000   0.00000E+000   0.00000E+000   0.00000E+000   0.00000E+000
   0.42550E+002   0.00000E+000   0.00000E+000   0.00000E+000   0.00000E+000   0.00000E+000
   0.42650E+002   0.00000E+000   0.00000E+000   0.00000E+000   0.00000E+000   0.00000E+000
   0.42750E+002   0.00000E+000   0.00000E+000   0.00000E+000   0.00000E+000   0.00000E+000
   0.42850E+002   0.00000E+000   0.00000E+000   0.00000E+000   0.00000E+000   0.00000E+000
   0.42950E+002   0.00000E+000   0.00000E+000   0.00000E+000   0.00000E+000   0.00000E+000
   0.43050E+002   0.00000E+000   0.00000E+000   0.00000E+000   0.00000E+000   0.00000E+000
   0.43150E+002   0.00000E+000   0.00000E+000   0.00000E+000   0.00000E+000   0.00000E+000
   0.43250E+002   0.00000E+000   0.00000E+000   0.00000E+000   0.00000E+000   0.00000E+000
   0.43350E+002   0.00000E+000   0.00000E+000   0.00000E+000   0.00000E+000   0.00000E+000
   0.43450E+002   0.00000E+000   0.00000E+000   0.00000E+000   0.00000E+000   0.00000E+000
   0.43550E+002   0.00000E+000   0.00000E+000   0.00000E+000   0.00000E+000   0.00000E+000
   0.43650E+002   0.00000E+000   0.00000E+000   0.00000E+000   0.00000E+000   0.00000E+000
   0.43750E+002   0.00000E+000   0.00000E+000   0.00000E+000   0.00000E+000   0.00000E+000
   0.43850E+002   0.00000E+000   0.00000E+000   0.00000E+000   0.00000E+000   0.00000E+000
   0.43950E+002   0.00000E+000   0.00000E+000   0.00000E+000   0.00000E+000   0.00000E+000
   0.44050E+002   0.00000E+000   0.00000E+000   0.00000E+000   0.00000E+000   0.00000E+000
   0.44150E+002   0.00000E+000   0.00000E+000   0.00000E+000   0.00000E+000   0.00000E+000
   0.44250E+002   0.00000E+000   0.00000E+000   0.00000E+000   0.00000E+000   0.00000E+000
   0.44350E+002   0.00000E+000   0.00000E+000   0.00000E+000   0.00000E+000   0.00000E+000
   0.44450E+002   0.00000E+000   0.00000E+000   0.00000E+000   0.00000E+000   0.00000E+000
   0.44550E+002   0.00000E+000   0.00000E+000   0.00000E+000   0.00000E+000   0.00000E+000
   0.44650E+002   0.00000E+000   0.00000E+000   0.00000E+000   0.00000E+000   0.00000E+000
   0.44750E+002   0.00000E+000   0.00000E+000   0.00000E+000   0.00000E+000   0.00000E+000
   0.44850E+002   0.00000E+000   0.00000E+000   0.00000E+000   0.00000E+000   0.00000E+000
   0.44950E+002   0.00000E+000   0.00000E+000   0.00000E+000   0.00000E+000   0.00000E+000
   0.45050E+002   0.00000E+000   0.00000E+000   0.00000E+000   0.00000E+000   0.00000E+000
   0.45150E+002   0.00000E+000   0.00000E+000   0.00000E+000   0.00000E+000   0.00000E+000
   0.45250E+002   0.00000E+000   0.00000E+000   0.00000E+000   0.00000E+000   0.00000E+000
   0.45350E+002   0.00000E+000   0.00000E+000   0.00000E+000   0.00000E+000   0.00000E+000
   0.45450E+002   0.00000E+000   0.00000E+000   0.00000E+000   0.00000E+000   0.00000E+000
   0.45550E+002   0.00000E+000   0.00000E+000   0.00000E+000   0.00000E+000   0.00000E+000
   0.45650E+002   0.00000E+000   0.00000E+000   0.00000E+000   0.00000E+000   0.00000E+000
   0.45750E+002   0.00000E+000   0.00000E+000   0.00000E+000   0.00000E+000   0.00000E+000
   0.45850E+002   0.00000E+000   0.00000E+000   0.00000E+000   0.00000E+000   0.00000E+000
   0.45950E+002   0.00000E+000   0.00000E+000   0.00000E+000   0.00000E+000   0.00000E+000
   0.46050E+002   0.00000E+000   0.00000E+000   0.00000E+000   0.00000E+000   0.00000E+000
   0.46150E+002   0.00000E+000   0.00000E+000   0.00000E+000   0.00000E+000   0.00000E+000
   0.46250E+002   0.00000E+000   0.00000E+000   0.00000E+000   0.00000E+000   0.00000E+000
   0.46350E+002   0.00000E+000   0.00000E+000   0.00000E+000   0.00000E+000   0.00000E+000
   0.46450E+002   0.00000E+000   0.00000E+000   0.00000E+000   0.00000E+000   0.00000E+000
   0.46550E+002   0.00000E+000   0.00000E+000   0.00000E+000   0.00000E+000   0.00000E+000
   0.46650E+002   0.00000E+000   0.00000E+000   0.00000E+000   0.00000E+000   0.00000E+000
   0.46750E+002   0.00000E+000   0.00000E+000   0.00000E+000   0.00000E+000   0.00000E+000
   0.46850E+002   0.00000E+000   0.00000E+000   0.00000E+000   0.00000E+000   0.00000E+000
   0.46950E+002   0.00000E+000   0.00000E+000   0.00000E+000   0.00000E+000   0.00000E+000
   0.47050E+002   0.00000E+000   0.00000E+000   0.00000E+000   0.00000E+000   0.00000E+000
   0.47150E+002   0.00000E+000   0.00000E+000   0.00000E+000   0.00000E+000   0.00000E+000
   0.47250E+002   0.00000E+000   0.00000E+000   0.00000E+000   0.00000E+000   0.00000E+000
   0.47350E+002   0.00000E+000   0.00000E+000   0.00000E+000   0.00000E+000   0.00000E+000
   0.47450E+002   0.00000E+000   0.00000E+000   0.00000E+000   0.00000E+000   0.00000E+000
   0.47550E+002   0.00000E+000   0.00000E+000   0.00000E+000   0.00000E+000   0.00000E+000
   0.47650E+002   0.00000E+000   0.00000E+000   0.00000E+000   0.00000E+000   0.00000E+000
   0.47750E+002   0.00000E+000   0.00000E+000   0.00000E+000   0.00000E+000   0.00000E+000
   0.47850E+002   0.00000E+000   0.00000E+000   0.00000E+000   0.00000E+000   0.00000E+000
   0.47950E+002   0.00000E+000   0.00000E+000   0.00000E+000   0.00000E+000   0.00000E+000
   0.48050E+002   0.00000E+000   0.00000E+000   0.00000E+000   0.00000E+000   0.00000E+000
   0.48150E+002   0.00000E+000   0.00000E+000   0.00000E+000   0.00000E+000   0.00000E+000
   0.48250E+002   0.00000E+000   0.00000E+000   0.00000E+000   0.00000E+000   0.00000E+000
   0.48350E+002   0.00000E+000   0.00000E+000   0.00000E+000   0.00000E+000   0.00000E+000
   0.48450E+002   0.00000E+000   0.00000E+000   0.00000E+000   0.00000E+000   0.00000E+000
   0.48550E+002   0.00000E+000   0.00000E+000   0.00000E+000   0.00000E+000   0.00000E+000
   0.48650E+002   0.00000E+000   0.00000E+000   0.00000E+000   0.00000E+000   0.00000E+000
   0.48750E+002   0.00000E+000   0.00000E+000   0.00000E+000   0.00000E+000   0.00000E+000
   0.48850E+002   0.00000E+000   0.00000E+000   0.00000E+000   0.00000E+000   0.00000E+000
   0.48950E+002   0.00000E+000   0.00000E+000   0.00000E+000   0.00000E+000   0.00000E+000
   0.49050E+002   0.00000E+000   0.00000E+000   0.00000E+000   0.00000E+000   0.00000E+000
   0.49150E+002   0.00000E+000   0.00000E+000   0.00000E+000   0.00000E+000   0.00000E+000
   0.49250E+002   0.00000E+000   0.00000E+000   0.00000E+000   0.00000E+000   0.00000E+000
   0.49350E+002   0.00000E+000   0.00000E+000   0.00000E+000   0.00000E+000   0.00000E+000
   0.49450E+002   0.00000E+000   0.00000E+000   0.00000E+000   0.00000E+000   0.00000E+000
   0.49550E+002   0.00000E+000   0.00000E+000   0.00000E+000   0.00000E+000   0.00000E+000
   0.49650E+002   0.00000E+000   0.00000E+000   0.00000E+000   0.00000E+000   0.00000E+000
   0.49750E+002   0.00000E+000   0.00000E+000   0.00000E+000   0.00000E+000   0.00000E+000
   0.49850E+002   0.00000E+000   0.00000E+000   0.00000E+000   0.00000E+000   0.00000E+000
   0.49950E+002   0.00000E+000   0.00000E+000   0.00000E+000   0.00000E+000   0.00000E+000
   0.50050E+002   0.00000E+000   0.00000E+000   0.00000E+000   0.00000E+000   0.00000E+000
   0.50150E+002   0.00000E+000   0.00000E+000   0.00000E+000   0.00000E+000   0.00000E+000
   0.50250E+002   0.00000E+000   0.00000E+000   0.00000E+000   0.00000E+000   0.00000E+000
   0.50350E+002   0.00000E+000   0.00000E+000   0.00000E+000   0.00000E+000   0.00000E+000
   0.50450E+002   0.00000E+000   0.00000E+000   0.00000E+000   0.00000E+000   0.00000E+000
   0.50550E+002   0.00000E+000   0.00000E+000   0.00000E+000   0.00000E+000   0.00000E+000
   0.50650E+002   0.00000E+000   0.00000E+000   0.00000E+000   0.00000E+000   0.00000E+000
   0.50750E+002   0.00000E+000   0.00000E+000   0.00000E+000   0.00000E+000   0.00000E+000
   0.50850E+002   0.00000E+000   0.00000E+000   0.00000E+000   0.00000E+000   0.00000E+000
   0.50950E+002   0.00000E+000   0.00000E+000   0.00000E+000   0.00000E+000   0.00000E+000
   0.51050E+002   0.00000E+000   0.00000E+000   0.00000E+000   0.00000E+000   0.00000E+000
   0.51150E+002   0.00000E+000   0.00000E+000   0.00000E+000   0.00000E+000   0.00000E+000
   0.51250E+002   0.00000E+000   0.00000E+000   0.00000E+000   0.00000E+000   0.00000E+000
   0.51350E+002   0.00000E+000   0.00000E+000   0.00000E+000   0.00000E+000   0.00000E+000
   0.51450E+002   0.00000E+000   0.00000E+000   0.00000E+000   0.00000E+000   0.00000E+000
   0.51550E+002   0.00000E+000   0.00000E+000   0.00000E+000   0.00000E+000   0.00000E+000
   0.51650E+002   0.00000E+000   0.00000E+000   0.00000E+000   0.00000E+000   0.00000E+000
   0.51750E+002   0.00000E+000   0.00000E+000   0.00000E+000   0.00000E+000   0.00000E+000
   0.51850E+002   0.00000E+000   0.00000E+000   0.00000E+000   0.00000E+000   0.00000E+000
   0.51950E+002   0.00000E+000   0.00000E+000   0.00000E+000   0.00000E+000   0.00000E+000
   0.52050E+002   0.00000E+000   0.00000E+000   0.00000E+000   0.00000E+000   0.00000E+000
   0.52150E+002   0.00000E+000   0.00000E+000   0.00000E+000   0.00000E+000   0.00000E+000
   0.52250E+002   0.00000E+000   0.00000E+000   0.00000E+000   0.00000E+000   0.00000E+000
   0.52350E+002   0.00000E+000   0.00000E+000   0.00000E+000   0.00000E+000   0.00000E+000
   0.52450E+002   0.00000E+000   0.00000E+000   0.00000E+000   0.00000E+000   0.00000E+000
   0.52550E+002   0.00000E+000   0.00000E+000   0.00000E+000   0.00000E+000   0.00000E+000
   0.52650E+002   0.00000E+000   0.00000E+000   0.00000E+000   0.00000E+000   0.00000E+000
   0.52750E+002   0.00000E+000   0.00000E+000   0.00000E+000   0.00000E+000   0.00000E+000
   0.52850E+002   0.00000E+000   0.00000E+000   0.00000E+000   0.00000E+000   0.00000E+000
   0.52950E+002   0.00000E+000   0.00000E+000   0.00000E+000   0.00000E+000   0.00000E+000
   0.53050E+002   0.00000E+000   0.00000E+000   0.00000E+000   0.00000E+000   0.00000E+000
   0.53150E+002   0.00000E+000   0.00000E+000   0.00000E+000   0.00000E+000   0.00000E+000
   0.53250E+002   0.00000E+000   0.00000E+000   0.00000E+000   0.00000E+000   0.00000E+000
   0.53350E+002   0.00000E+000   0.00000E+000   0.00000E+000   0.00000E+000   0.00000E+000
   0.53450E+002   0.00000E+000   0.00000E+000   0.00000E+000   0.00000E+000   0.00000E+000
   0.53550E+002   0.00000E+000   0.00000E+000   0.00000E+000   0.00000E+000   0.00000E+000
   0.53650E+002   0.00000E+000   0.00000E+000   0.00000E+000   0.00000E+000   0.00000E+000
   0.53750E+002   0.00000E+000   0.00000E+000   0.00000E+000   0.00000E+000   0.00000E+000
   0.53850E+002   0.00000E+000   0.00000E+000   0.00000E+000   0.00000E+000   0.00000E+000
   0.53950E+002   0.00000E+000   0.00000E+000   0.00000E+000   0.00000E+000   0.00000E+000
   0.54050E+002   0.00000E+000   0.00000E+000   0.00000E+000   0.00000E+000   0.00000E+000
   0.54150E+002   0.00000E+000   0.00000E+000   0.00000E+000   0.00000E+000   0.00000E+000
   0.54250E+002   0.00000E+000   0.00000E+000   0.00000E+000   0.00000E+000   0.00000E+000
   0.54350E+002   0.00000E+000   0.00000E+000   0.00000E+000   0.00000E+000   0.00000E+000
   0.54450E+002   0.00000E+000   0.00000E+000   0.00000E+000   0.00000E+000   0.00000E+000
   0.54550E+002   0.00000E+000   0.00000E+000   0.00000E+000   0.00000E+000   0.00000E+000
   0.54650E+002   0.00000E+000   0.00000E+000   0.00000E+000   0.00000E+000   0.00000E+000
   0.54750E+002   0.00000E+000   0.00000E+000   0.00000E+000   0.00000E+000   0.00000E+000
   0.54850E+002   0.00000E+000   0.00000E+000   0.00000E+000   0.00000E+000   0.00000E+000
   0.54950E+002   0.00000E+000   0.00000E+000   0.00000E+000   0.00000E+000   0.00000E+000
   0.55050E+002   0.00000E+000   0.00000E+000   0.00000E+000   0.00000E+000   0.00000E+000
   0.55150E+002   0.00000E+000   0.00000E+000   0.00000E+000   0.00000E+000   0.00000E+000
   0.55250E+002   0.00000E+000   0.00000E+000   0.00000E+000   0.00000E+000   0.00000E+000
   0.55350E+002   0.00000E+000   0.00000E+000   0.00000E+000   0.00000E+000   0.00000E+000
   0.55450E+002   0.00000E+000   0.00000E+000   0.00000E+000   0.00000E+000   0.00000E+000
   0.55550E+002   0.00000E+000   0.00000E+000   0.00000E+000   0.00000E+000   0.00000E+000
   0.55650E+002   0.00000E+000   0.00000E+000   0.00000E+000   0.00000E+000   0.00000E+000
   0.55750E+002   0.00000E+000   0.00000E+000   0.00000E+000   0.00000E+000   0.00000E+000
   0.55850E+002   0.00000E+000   0.00000E+000   0.00000E+000   0.00000E+000   0.00000E+000
   0.55950E+002   0.00000E+000   0.00000E+000   0.00000E+000   0.00000E+000   0.00000E+000
   0.56050E+002   0.00000E+000   0.00000E+000   0.00000E+000   0.00000E+000   0.00000E+000
   0.56150E+002   0.00000E+000   0.00000E+000   0.00000E+000   0.00000E+000   0.00000E+000
   0.56250E+002   0.00000E+000   0.00000E+000   0.00000E+000   0.00000E+000   0.00000E+000
   0.56350E+002   0.00000E+000   0.00000E+000   0.00000E+000   0.00000E+000   0.00000E+000
   0.56450E+002   0.00000E+000   0.00000E+000   0.00000E+000   0.00000E+000   0.00000E+000
   0.56550E+002   0.00000E+000   0.00000E+000   0.00000E+000   0.00000E+000   0.00000E+000
   0.56650E+002   0.00000E+000   0.00000E+000   0.00000E+000   0.00000E+000   0.00000E+000
   0.56750E+002   0.00000E+000   0.00000E+000   0.00000E+000   0.00000E+000   0.00000E+000
   0.56850E+002   0.00000E+000   0.00000E+000   0.00000E+000   0.00000E+000   0.00000E+000
   0.56950E+002   0.00000E+000   0.00000E+000   0.00000E+000   0.00000E+000   0.00000E+000
   0.57050E+002   0.00000E+000   0.00000E+000   0.00000E+000   0.00000E+000   0.00000E+000
   0.57150E+002   0.00000E+000   0.00000E+000   0.00000E+000   0.00000E+000   0.00000E+000
   0.57250E+002   0.00000E+000   0.00000E+000   0.00000E+000   0.00000E+000   0.00000E+000
   0.57350E+002   0.00000E+000   0.00000E+000   0.00000E+000   0.00000E+000   0.00000E+000
   0.57450E+002   0.00000E+000   0.00000E+000   0.00000E+000   0.00000E+000   0.00000E+000
   0.57550E+002   0.00000E+000   0.00000E+000   0.00000E+000   0.00000E+000   0.00000E+000
   0.57650E+002   0.00000E+000   0.00000E+000   0.00000E+000   0.00000E+000   0.00000E+000
